   9.9999997764825821E-003   0.0000000000000000     
   1.9999999552965164E-002   0.0000000000000000     
   2.9999999329447746E-002   9.9999995529651692E-005
   3.9999999105930328E-002   1.9899999112635861E-004
   4.9999998882412910E-002   2.9799998672308222E-004
   5.9999998658895493E-002   3.9699008232080323E-004
   6.9999998435378075E-002   4.9597037691970463E-004
   7.9999998211860657E-002   5.9494087052007656E-004
   8.9999997988343239E-002   6.9390156410240468E-004
   9.9999997764825821E-002   7.9285245863746983E-004
