   0.0000000000000000        0.0000000000000000     
   0.0000000000000000        9.9999997764825821E-003
   9.9999995529651692E-005   9.8999997809529304E-003
   1.9899999112635861E-004   9.8999997809545975E-003
   2.9799998672308222E-004   9.8990097810322097E-003
   3.9699008232080323E-004   9.8980296811283439E-003
   4.9597037691970463E-004   9.8970495812534844E-003
   5.9494087052007656E-004   9.8960695794272080E-003
   6.9390156410240468E-004   9.8950896746790029E-003
   7.9285245863746983E-004   9.8941098670184482E-003
