   9.9999997764825821E-003   1.0000000000000000     
   1.9999999552965164E-002   1.0000000000000000     
   2.9999999329447746E-002  0.99750000011175866     
   3.9999999105930328E-002  0.99250000033527608     
   4.9999998882412910E-002  0.98500625066999337     
   5.9999998658895493E-002  0.97503125111479305     
   6.9999998435378075E-002  0.96259373604300080     
   7.9999998211860657E-002  0.94771864295238972     
   8.9999997988343239E-002  0.93043706562924944     
   9.9999997764825821E-002  0.91078619180464393     
  0.10999999754130840       0.88880922541994978     
  0.11999999731779099       0.86455529365753225     
  0.12999999709427357       0.83807933893089703     
  0.13999999687075615       0.80944199606673961     
  0.14999999664723873       0.77870945494891763     
  0.15999999642372131       0.74595330893139100     
  0.16999999620020390       0.71125038936351959     
  0.17999999597668648       0.67468258660668645     
  0.18999999575316906       0.63633665795593297     
  0.19999999552965164       0.59630402291406437     
  0.20999999530613422       0.55468054629842212     
  0.21999999508261681       0.51156630969213690     
  0.22999999485909939       0.46706537178209601     
  0.23999999463558197       0.42128551815499676     
  0.24999999441206455       0.37433800115064092     
  0.25999999418854713       0.32633727039797988     
  0.26999999396502972       0.27740069468427780     
  0.27999999374151230       0.22764827583105179     
  0.28999999351799488       0.17720235527211703     
  0.29999999329447746       0.12618731404904632     
  0.30999999307096004        7.4729266957599211E-002
  0.31999999284744263        2.2955751595132023E-002
  0.32999999262392521       -2.9004586926377515E-002
  0.33999999240040779       -8.1022314824309383E-002
  0.34999999217689037      -0.13296753125816682     
  0.35999999195337296      -0.18471019191401844     
  0.36999999172985554      -0.23612043375658492     
  0.37999999150633812      -0.28706890014000930     
  0.38999999128282070      -0.33742706546543078     
  0.39999999105930328      -0.38706755857258468     
  0.40999999083578587      -0.43586448405378542     
  0.41999999061226845      -0.48369374068181287     
  0.42999999038875103      -0.53043333614841748     
  0.43999999016523361      -0.57596369731737451     
  0.44999998994171619      -0.62016797520524114     
  0.45999998971819878      -0.66293234391418321     
  0.46999998949468136      -0.70414629275442131     
  0.47999998927116394      -0.74370291080896245     
  0.48999998904764652      -0.78149916321031199     
  0.49999998882412910      -0.81743615841775441     
  0.50999998860061169      -0.85141940580451048     
  0.51999998837709427      -0.88335906288657773     
  0.52999998815357685      -0.91317017154928726     
  0.53999998793005943      -0.94077288265350334     
  0.54999998770654202      -0.96609266843090091     
  0.55999998748302460      -0.98906052210680429     
  0.56999998725950718       -1.0096131442195997     
  0.57999998703598976       -1.0276931151376643     
  0.58999998681247234       -1.0432490533080128     
  0.59999998658895493       -1.0562357588053708     
  0.60999998636543751       -1.0666143417860510     
  0.61999998614192009       -1.0743523354877613     
  0.62999998591840267       -1.0794237934542099     
  0.63999998569488525       -1.0818093707020073     
  0.64999998547136784       -1.0814963885868043     
  0.65999998524785042       -1.0784788831657479     
  0.66999998502433300       -1.0727576368940912     
  0.67999998480081558       -1.0643401935350494     
  0.68999998457729816       -1.0532408562036624     
  0.69999998435378075       -1.0394806685073870     
  0.70999998413026333       -1.0230873787883112     
  0.71999998390674591       -1.0040953875141381     
  0.72999998368322849      -0.98254567790733316     
  0.73999998345971107      -0.95848572994395931     
  0.74999998323619366      -0.93196941789562515     
  0.75999998301267624      -0.90305689162955016     
  0.76999998278915882      -0.87181444192289181     
  0.77999998256564140      -0.83831435008808408     
  0.78999998234212399      -0.80263472224590204     
  0.79999998211860657      -0.76485930862218865     
  0.80999998189508915      -0.72507730828256189     
  0.81999998167157173      -0.68338315975685937     
  0.82999998144805431      -0.63987631804148415     
  0.83999998122453690      -0.59466101850309083     
  0.84999998100101948      -0.54784602824110551     
  0.85999998077750206      -0.49954438549932101     
  0.86999998055398464      -0.44987312774816035     
  0.87999998033046722      -0.39895300908907982     
  0.88999998010694981      -0.34690820766090613     
  0.89999997988343239      -0.29386602375459620     
  0.90999997965991497      -0.23995656936790402     
  0.91999997943639755      -0.18531244995466745     
  0.92999997921288013      -0.13006843914482835     
  0.93999997898936272       -7.4361147230812857E-002
  0.94999997876584530       -1.8328684233471587E-002
  0.95999997854232788        3.7889681623636207E-002
  0.96999997831881046        9.4153869189279288E-002
  0.97999997809529305       0.15032333255509778     
  0.98999997787177563       0.20625741125846558     
  0.99999997764825821       0.26181568164724561     
   1.0099999774247408       0.31685830853093050     
   1.0199999772012234       0.37124639623975747     
   1.0299999769777060       0.42484233821266881     
   1.0399999767541885       0.47751016423647075     
   1.0499999765306711       0.52911588446222080     
   1.0599999763071537       0.57952782933074565     
   1.0699999760836363       0.62861698454724824     
   1.0799999758601189       0.67625732025519125     
   1.0899999756366014       0.72232611357201959     
   1.0999999754130840       0.76670426366378752     
   1.1099999751895666       0.80927659855235168     
   1.1199999749660492       0.84993217286744227     
   1.1299999747425318       0.88856455577659565     
   1.1399999745190144       0.92507210834856779     
   1.1499999742954969       0.95935824963040328     
   1.1599999740719795       0.99133171074475213     
   1.1699999738484621        1.0209067763422417     
   1.1799999736249447        1.0480035127736593     
   1.1899999734014273        1.0725479823783166     
   1.1999999731779099        1.0944724433181632     
   1.2099999729543924        1.1137155344219305     
   1.2199999727308750        1.1302224445397193     
   1.2299999725073576        1.1439450659459207     
   1.2399999722838402        1.1548421313670849     
   1.2499999720603228        1.1628793342512302     
   1.2599999718368053        1.1680294319360214     
   1.2699999716132879        1.1702723314151464     
   1.2799999713897705        1.1695951574449688     
   1.2899999711662531        1.1659923027770416     
   1.2999999709427357        1.1594654603462142     
   1.3099999707192183        1.1500236372887542     
   1.3199999704957008        1.1376831507100089     
   1.3299999702721834        1.1224676051665670     
   1.3399999700486660        1.1044078518734959     
   1.3499999698251486        1.0835419296929540     
   1.3599999696016312        1.0599149880061556     
   1.3699999693781137        1.0335791916162200     
   1.3799999691545963        1.0045936078747237     
   1.3899999689310789       0.97302407626969845     
   1.3999999687075615       0.93894306075725842     
   1.4099999684840441       0.90242948516288801     
   1.4199999682605267       0.86356855202155958     
   1.4299999680370092       0.82245154526817821     
   1.4399999678134918       0.77917561723125428     
   1.4499999675899744       0.73384356042307608     
   1.4599999673664570       0.68656356465889934     
   1.4699999671429396       0.63744896007567831     
   1.4799999669194221       0.58661794665753952     
   1.4899999666959047       0.53419331091045197     
   1.4999999664723873       0.48030213036228031     
   1.5099999662488699       0.42507546659653322     
   1.5199999660253525       0.36864804755855840     
   1.5299999658018351       0.31115793990159812     
   1.5399999655783176       0.25274621216694110     
   1.5499999653548002       0.19355658961730468     
   1.5599999651312828       0.13373510156549751     
   1.5699999649077654        7.3429722061278693E-002
   1.5799999646842480        1.2790004818092199E-002
   1.5899999644607306       -4.8033286722041074E-002
   1.5999999642372131      -0.10888855327279018     
   1.6099999640136957      -0.16962373661210234     
   1.6199999637901783      -0.23008669858040176     
   1.6299999635666609      -0.29012560122612785     
   1.6399999633431435      -0.34958928715111715     
   1.6499999631196260      -0.40832765910546515     
   1.6599999628961086      -0.46619205788100504     
   1.6699999626725912      -0.52303563755441540     
   1.6799999624490738      -0.57871373713522423     
   1.6899999622255564      -0.63308424768060090     
   1.6999999620020390      -0.68600797394781576     
   1.7099999617785215      -0.73734898966658180     
   1.7199999615550041      -0.78697498552714562     
   1.7299999613314867      -0.83475760899594820     
   1.7399999611079693      -0.88057279508888420     
   1.7499999608844519      -0.92430108725262183     
   1.7599999606609344      -0.96582794752704892     
   1.7699999604374170       -1.0050440551866431     
   1.7799999602138996       -1.0418455930853594     
   1.7899999599903822       -1.0761345209584314     
   1.7999999597668648       -1.1078188349652254     
   1.8099999595433474       -1.1368128127898907     
   1.8199999593198299       -1.1630372436509513     
   1.8299999590963125       -1.1864196426070859     
   1.8399999588727951       -1.2068944485840727     
   1.8499999586492777       -1.2244032055871346     
   1.8599999584257603       -1.2388947266036172     
   1.8699999582022429       -1.2503252397429696     
   1.8799999579787254       -1.2586585162042703     
   1.8899999577552080       -1.2638659797059484     
   1.8999999575316906       -1.2659267970577819     
   1.9099999573081732       -1.2648279496015984     
   1.9199999570846558       -1.2605642852942489     
   1.9299999568611383       -1.2531385512542510     
   1.9399999566376209       -1.2425614066418964     
   1.9499999564141035       -1.2288514157914554     
   1.9599999561905861       -1.2120350215632767     
   1.9699999559670687       -1.1921464989329542     
   1.9799999557435513       -1.1692278888841789     
   1.9899999555200338       -1.1433289127213040     
   1.9999999552965164       -1.1145068669668901     
   2.0099999550729990       -1.0828264990584497     
   2.0199999548494816       -1.0483598641071481     
   2.0299999546259642       -1.0111861630292156     
   2.0399999544024467      -0.97139156240817859     
   2.0499999541789293      -0.92906899649257746     
   2.0599999539554119      -0.88431795177951733     
   2.0699999537318945      -0.83724423467905729     
   2.0799999535083771      -0.78795972279797866     
   2.0899999532848597      -0.73658210042377170     
   2.0999999530613422      -0.68323457883063121     
   2.1099999528378248      -0.62804560206875071     
   2.1199999526143074      -0.57114853893615103     
   2.1299999523907900      -0.51268136186856905     
   2.1399999521672726      -0.45278631351747756     
   2.1499999519437551      -0.39160956181901124     
   2.1599999517202377      -0.32930084438735407     
   2.1699999514967203      -0.26601310309491510     
   2.1799999512732029      -0.20190210972831002     
   2.1899999510496855      -0.13712608363369691     
   2.1999999508261681       -7.1845302287327342E-002
   2.2099999506026506       -6.2217057471985748E-003
   2.2199999503791332        5.9581504040619182E-002
   2.2299999501556158       0.12540026809210961     
   2.2399999499320984       0.19107007839015724     
   2.2499999497085810       0.25642638803198919     
   2.2599999494850636       0.32130502249919946     
   2.2699999492615461       0.38554259102498767     
   2.2799999490380287       0.44897689703043647     
   2.2899999488145113       0.51144734660141056     
   2.2999999485909939       0.57279535397998560     
   2.3099999483674765       0.63286474304921581     
   2.3199999481439590       0.69150214379751096     
   2.3299999479204416       0.74855738275891126     
   2.3399999476969242       0.80388386643809917     
   2.3499999474734068       0.85733895674404759     
   2.3599999472498894       0.90878433747374177     
   2.3699999470263720       0.95808637090739091     
   2.3799999468028545        1.0051164435989202     
   2.3899999465793371        1.0497513004702554     
   2.3999999463558197        1.0918733663449240     
   2.4099999461323023        1.1313710540857358     
   2.4199999459087849        1.1681390585327116     
   2.4299999456852674        1.2020786354709136     
   2.4399999454617500        1.2330978648933337     
   2.4499999452382326        1.2611118978614191     
   2.4599999450147152        1.2860431863050807     
   2.4699999447911978        1.3078216951450290     
   2.4799999445676804        1.3263850961629411     
   2.4899999443441629        1.3416789430891511     
   2.4999999441206455        1.3536568274231888     
   2.5099999438971281        1.3622805145494479     
   2.5199999436736107        1.3675200597584320     
   2.5299999434500933        1.3693539038332891     
   2.5399999432265759        1.3677689479115824     
   2.5499999430030584        1.3627606073833298     
   2.5599999427795410        1.3543328446381584     
   2.5699999425560236        1.3424981805268290     
   2.5799999423325062        1.3272776844552627     
   2.5899999421089888        1.3087009430824152     
   2.5999999418854713        1.2868060076467644     
   2.6099999416619539        1.2616393199996663     
   2.6199999414384365        1.2332556174772629     
   2.6299999412149191        1.2017178167958595     
   2.6399999409914017        1.1670968772085901     
   2.6499999407678843        1.1294716432136336     
   2.6599999405443668        1.0889286671560887     
   2.6699999403208494        1.0455620121167379     
   2.6799999400973320       0.99947303553119426     
   2.6899999398738146       0.95077015403220944     
   2.6999999396502972       0.89956859005609646     
   2.7099999394267797       0.84599010080115977     
   2.7199999392032623       0.79016269017161744     
   2.7299999389797449       0.73222030438461905     
   2.7399999387562275       0.67230251196049917     
   2.7499999385327101       0.61055416885724967     
   2.7599999383091927       0.54712506954923457     
   2.7699999380856752       0.48216958488731110     
   2.7799999378621578       0.41584628761266057     
   2.7899999376386404       0.34831756642967837     
   2.7999999374151230       0.27974922957413900     
   2.8099999371916056       0.21031009884145296     
   2.8199999369680882       0.14017159506609597     
   2.8299999367445707        6.9507316067139335E-002
   2.8399999365210533       -1.5073919038171429E-003
   2.8499999362975359       -7.2695868157173424E-002
   2.8599999360740185      -0.14388057593093861     
   2.8699999358505011      -0.21488354404243526     
   2.8799999356269836      -0.28552681073018449     
   2.8899999354034662      -0.35563286858184273     
   2.8999999351799488      -0.42502510943858562     
   2.9099999349564314      -0.49352826816361900     
   2.9199999347329140      -0.56096886416255609     
   2.9299999345093966      -0.62717563954624023     
   2.9399999342858791      -0.69197999283221112     
   2.9499999340623617      -0.75521640708940874     
   2.9599999338388443      -0.81672287144186062     
   2.9699999336153269      -0.87634129486099099     
   2.9799999333918095      -0.93391791119279266     
   2.9899999331682920      -0.98930367438538058     
   2.9999999329447746       -1.0423546429043600     
   3.0099999327212572       -1.0929323523479393     
   3.0199999324977398       -1.1409041753007498     
   3.0299999322742224       -1.1861436674948354     
   3.0399999320507050       -1.2285308993781749     
   3.0499999318271875       -1.2679527722253392     
   3.0599999316036701       -1.3043033179613572     
   3.0699999313801527       -1.3374839819085165     
   3.0799999311566353       -1.3674038877065398     
   3.0899999309331179       -1.3939800836992671     
   3.0999999307096004       -1.4171377701255474     
   3.1099999304860830       -1.4368105064983689     
   3.1199999302625656       -1.4529403986042542     
   3.1299999300390482       -1.4654782646044695     
   3.1399999298155308       -1.4743837797705530     
   3.1499999295920134       -1.4796255994389054     
   3.1599999293684959       -1.4811814598226065     
   3.1699999291449785       -1.4790382563730713     
   3.1799999289214611       -1.4731920994395147     
   3.1899999286979437       -1.4636483470303208     
   3.1999999284744263       -1.4504216145371700     
   3.2099999282509089       -1.4335357613400188     
   3.2199999280273914       -1.4130238542686220     
   3.2299999278038740       -1.3889281079540852     
   3.2399999275803566       -1.3612998021617946     
   3.2499999273568392       -1.3301991762548437     
   3.2599999271333218       -1.2956953009946255     
   3.2699999269098043       -1.2578659279424313     
   3.2799999266862869       -1.2167973167825559     
   3.2899999264627695       -1.1725840409434019     
   3.2999999262392521       -1.1253287719482792     
   3.3099999260157347       -1.0751420429818443     
   3.3199999257922173       -1.0221419922113042     
   3.3299999255686998      -0.96645408645346587     
   3.3399999253451824      -0.90821082582933255     
   3.3499999251216650      -0.84755143009707523     
   3.3599999248981476      -0.78462150740174508     
   3.3699999246746302      -0.71957270622589342     
   3.3799999244511127      -0.65256235136922569     
   3.3899999242275953      -0.58375306482741185     
   3.3999999240040779      -0.51331237248010442     
   3.4099999237805605      -0.44141229753596795     
   3.4199999235570431      -0.36822894171799836     
   3.4299999233335257      -0.29394205520552052     
   3.4399999231100082      -0.21873459637990045     
   3.4499999228864908      -0.14279228244911718     
   3.4599999226629734       -6.6303132051829652E-002
   3.4699999224394560        1.0542999035622391E-002
   3.4799999222159386        8.7554887945794052E-002
   3.4899999219924212       0.16454041935955493     
   3.4999999217689037       0.24130706356323633     
   3.5099999215453863       0.31766235673690768     
   3.5199999213218689       0.39341438227863912     
   3.5299999210983515       0.46837225196402982     
   3.5399999208748341       0.54234658573769146     
   3.5499999206513166       0.61514998893378769     
   3.5599999204277992       0.68659752572615163     
   3.5699999202042818       0.75650718761492941     
   3.5799999199807644       0.82470035576612510     
   3.5899999197572470       0.89100225603282968     
   3.5999999195337296       0.95524240550228645     
   3.6099999193102121        1.0172550494312385     
   3.6199999190866947        1.0768795874531913     
   3.6299999188631773        1.1339609879652532     
   3.6399999186396599        1.1883501896290327     
   3.6499999184161425        1.2399044889496291     
   3.6599999181926250        1.2884879129289615     
   3.6699999179691076        1.3339715758244899     
   3.6799999177455902        1.3762340190816957     
   3.6899999175220728        1.4151615335484231     
   3.6999999172985554        1.4506484631212524     
   3.7099999170750380        1.4825974890183673     
   3.7199999168515205        1.5109198939198016     
   3.7299999166280031        1.5355358052643833     
   3.7399999164044857        1.5563744170430238     
   3.7499999161809683        1.5733741894801130     
   3.7599999159574509        1.5864830260485330     
   3.7699999157339334        1.5956584273190910     
   3.7799999155104160        1.6008676212018309     
   3.7899999152868986        1.6020876691946018     
   3.7999999150633812        1.5993055483132790     
   3.8099999148398638        1.5925182084380169     
   3.8199999146163464        1.5817326048707081     
   3.8299999143928289        1.5669657059602820     
   3.8399999141693115        1.5482444757144513     
   3.8499999139457941        1.5256058313788421     
   3.8599999137222767        1.4990965760269765     
   3.8699999134987593        1.4687733062671637     
   3.8799999132752419        1.4347022952348205     
   3.8899999130517244        1.3969593511009577     
   3.8999999128282070        1.3556296513893482     
   3.9099999126046896        1.3108075534561088     
   3.9199999123811722        1.2625963815458994     
   3.9299999121576548        1.2111081908985437     
   3.9399999119341373        1.1564635094384295     
   3.9499999117106199        1.0987910576364208     
   3.9599999114871025        1.0382274471900610     
   3.9699999112635851       0.97491685922240956     
   3.9799999110400677       0.90901070275281393     
   3.9899999108165503       0.84066725424411770     
   3.9999999105930328       0.77005127908012927     
   4.0099999103695154       0.69733363587448249     
   4.0199999101459980       0.62269086455719524     
   4.0299999099224806       0.54630475922815491     
   4.0399999096989632       0.46836192680731276     
   4.0499999094754457       0.38905333254945451     
   4.0599999092519283       0.30857383352692153     
   4.0699999090284109       0.22712170121649500     
   4.0799999088048935       0.14489813435673699     
   4.0899999085813761        6.2106763269320547E-002
   4.0999999083578587       -2.1046853137794086E-002
   4.1099999081343412      -0.10435573644614105     
   4.1199999079108238      -0.18761200262399569     
   4.1299999076873064      -0.27060737947239766     
   4.1399999074637890      -0.35313372633520690     
   4.1499999072402716      -0.43498355477957784     
   4.1599999070167542      -0.51595054894757653     
   4.1699999067932367      -0.59583008427723949     
   4.1799999065697193      -0.67441974329219545     
   4.1899999063462019      -0.75151982716304755     
   4.1999999061226845      -0.82693386175104144     
   4.2099999058991671      -0.90046909685511656     
   4.2199999056756496      -0.97193699739723116     
   4.2299999054521322       -1.0411537252978433     
   4.2399999052286148       -1.1079406108135847     
   4.2499999050050974       -1.1721246121324396     
   4.2599999047815800       -1.2335387620480824     
   4.2699999045580626       -1.2920226005643893     
   4.2799999043345451       -1.3474225923134346     
   4.2899999041110277       -1.3995925277054639     
   4.2999999038875103       -1.4483939067672957     
   4.3099999036639929       -1.4936963046662806     
   4.3199999034404755       -1.5353777179602177     
   4.3299999032169580       -1.5733248906594228     
   4.3399999029934406       -1.6074336192353191     
   4.3499999027699232       -1.6376090357603996     
   4.3599999025464058       -1.6637658684170367     
   4.3699999023228884       -1.6858286786672898     
   4.3799999020993710       -1.7037320744324407     
   4.3899999018758535       -1.7174208986893293     
   4.3999999016523361       -1.7268503929505437     
   4.4099999014288187       -1.7319863351569715     
   4.4199999012053013       -1.7328051515740135     
   4.4299999009817839       -1.7292940023467276     
   4.4399999007582664       -1.7214508404341626     
   4.4499999005347490       -1.7092844437089947     
   4.4599999003112316       -1.6928144200751285     
   4.4699999000877142       -1.6720711855230173     
   4.4799998998641968       -1.6470959151099049     
   4.4899998996406794       -1.6179404669198534     
   4.4999998994171619       -1.5846672791261045     
   4.5099998991936445       -1.5473492403458748     
   4.5199998989701271       -1.5060695335449303     
   4.5299998987466097       -1.4609214538160509     
   4.5399998985230923       -1.4120082004216254     
   4.5499998982995749       -1.3594426435559306     
   4.5599998980760574       -1.3033470663469859     
   4.5699998978525400       -1.2438528826810811     
   4.5799998976290226       -1.1811003314949691     
   4.5899998974055052       -1.1152381482411657     
   4.5999998971819878       -1.0464232142906233     
   4.6099998969584703      -0.97482018509411550     
   4.6199998967349529      -0.90060109797882804     
   4.6299998965114355      -0.82394496050974997     
   4.6399998962879181      -0.74503732039637482     
   4.6499998960644007      -0.66406981797380826     
   4.6599998958408833      -0.58123972233351517     
   4.6699998956173658      -0.49674945222250316     
   4.6799998953938484      -0.41080608287061599     
   4.6899998951703310      -0.32362083994368862     
   4.6999998949468136      -0.23540858185549585     
   4.7099998947232962      -0.14638727170361132     
   4.7199998944997787       -5.6777440123397013E-002
   4.7299998942762613        3.3198359619716275E-002
   4.7399998940527439       0.12331610295679268     
   4.7499998938292265       0.21335085039853002     
   4.7599998936057091       0.30307730759665702     
   4.7699998933821917       0.39227038769263151     
   4.7799998931586742       0.48070577455348584     
   4.7899998929351568       0.56816048548894826     
   4.7999998927116394       0.65441343204175006     
   4.8099998924881220       0.73924597744432630     
   4.8199998922646046       0.82244248933993458     
   4.8299998920410872       0.90379088637454918     
   4.8399998918175697       0.98308317727772909     
   4.8499998915940523        1.0601159910659792     
   4.8599998913705349        1.1346910970209030     
   4.8699998911470175        1.2066159131166390     
   4.8799998909235001        1.2757040015966343     
   4.8899998906999826        1.3417755504286879     
   4.8999998904764652        1.4046578393993210     
   4.9099998902529478        1.4641856896438374     
   4.9199998900294304        1.5202018954468384     
   4.9299998898059130        1.5725576371893653     
   4.9399998895823956        1.6211128743631709     
   4.9499998893588781        1.6657367176197500     
   4.9599998891353607        1.7063077788715946     
   4.9699998889118433        1.7427144985155505     
   4.9799998886883259        1.7748554489030222     
   4.9899998884648085        1.8026396132389684     
   4.9999998882412910        1.8259866391510127     
   5.0099998880177736        1.8448270662314203     
   5.0199998877942562        1.8591025269180204     
   5.0299998875707388        1.8687659201452171     
   5.0399998873472214        1.8737815572628900     
   5.0499998871237040        1.8741252797890504     
   5.0599998869001865        1.8697845486314650     
   5.0699998866766691        1.8607585044838570     
   5.0799998864531517        1.8470579991736351     
   5.0899998862296343        1.8287055978101594     
   5.0999998860061169        1.8057355516551745     
   5.1099998857825994        1.7781937417100380     
   5.1199998855590820        1.7461375930875700     
   5.1299998853355646        1.7096359603095557     
   5.1399998851120472        1.6687689837439685     
   5.1499998848885298        1.6236279174686741     
   5.1599998846650124        1.5743149289205192     
   5.1699998844414949        1.5209428707601473     
   5.1799998842179775        1.4636350254534174     
   5.1899998839944601        1.4025248231397658     
   5.1999998837709427        1.3377555334260547     
   5.2099998835474253        1.2694799318112384     
   5.2199998833239079        1.1978599415123630     
   5.2299998831003904        1.1230662515258347     
   5.2399998828768730        1.0452779118193969     
   5.2499998826533556       0.96468190660965691     
   5.2599998824298382       0.88147270673718736     
   5.2699998822063208       0.79585180220600527     
   5.2799998819828033       0.70802721600649243     
   5.2899998817592859       0.61821300039040794     
   5.2999998815357685       0.52662871681343548     
   5.3099998813122511       0.43349890080457770     
   5.3199998810887337       0.33905251306254164     
   5.3299998808652163       0.24352237811694144     
   5.3399998806416988       0.14714461192657696     
   5.3499998804181814        5.0158039818135866E-002
   5.3599998801946640       -4.7196393803676975E-002
   5.3699998799711466      -0.14467622251942958     
   5.3799998797476292      -0.24203806025594760     
   5.3899998795241117      -0.33903820745233587     
   5.3999998793005943      -0.43543325952513412     
   5.4099998790770769      -0.53098071611719200     
   5.4199998788535595      -0.62543958960910051     
   5.4299998786300421      -0.71857101137005774     
   5.4399998784065247      -0.81013883422689059     
   5.4499998781830072      -0.89991022963560485     
   5.4599998779594898      -0.98765627804929190     
   5.4699998777359724       -1.0731525509894628     
   5.4799998775124550       -1.1561796833448896     
   5.4899998772889376       -1.2365239344427770     
   5.4999998770654202       -1.3139777364615153     
   5.5099998768419027       -1.3883402287823390     
   5.5199998766183853       -1.4594177769088572     
   5.5299998763948679       -1.5270244746185788     
   5.5399998761713505       -1.5909826280491308     
   5.5499998759478331       -1.6511232204637947     
   5.5599998757243156       -1.7072863564861418     
   5.5699998755007982       -1.7593216846418569     
   5.5799998752772808       -1.8070887970971607     
   5.5899998750537634       -1.8504576055374795     
   5.5999998748302460       -1.8893086921870132     
   5.6099998746067286       -1.9235336350295080     
   5.6199998743832111       -1.9530353063526820     
   5.6299998741596937       -1.9777281438032539     
   5.6399998739361763       -1.9975383932062127     
   5.6499998737126589       -2.0124043224706920     
   5.6599998734891415       -2.0222764059753979     
   5.6699998732656240       -2.0271174788988309     
   5.6799998730421066       -2.0269028610333324     
   5.6899998728185892       -2.0216204496971346     
   5.6999998725950718       -2.0112707814348778     
   5.7099998723715544       -1.9958670622743115     
   5.7199998721480370       -1.9754351663849352     
   5.7299998719245195       -1.9500136030629287     
   5.7399998717010021       -1.9196534520457318     
   5.7499998714774847       -1.8844182672388086     
   5.7599998712539673       -1.8443839490163090     
   5.7699998710304499       -1.7996385853363126     
   5.7799998708069324       -1.7502822619899014     
   5.7899998705834150       -1.6964268423812747     
   5.7999998703598976       -1.6381957173132826     
   5.8099998701363802       -1.5757235253289277     
   5.8199998699128628       -1.5091558442343722     
   5.8299998696893454       -1.4386488545025953     
   5.8399998694658279       -1.3643689753288937     
   5.8499998692423105       -1.2864924741797172     
   5.8599998690187931       -1.2052050507446985     
   5.8699998687952757       -1.1207013962680072     
   5.8799998685717583       -1.0331847292991465     
   5.8899998683482409      -0.94286630896486390     
   5.8999998681247234      -0.84996492692280079     
   5.9099998679012060      -0.75470637921369899     
   5.9199998676776886      -0.65732291928228115     
   5.9299998674541712      -0.55805269348717412     
   5.9399998672306538      -0.45713916046732295     
   5.9499998670071363      -0.35483049577612108     
   5.9599998667836189      -0.25137898323484020     
   5.9699998665601015      -0.14704039449377437     
   5.9799998663365841       -4.2073358322715235E-002
   5.9899998661130667        6.3261278818145292E-002
   5.9999998658895493       0.16870109935011054     
   6.0099998656660318       0.27398276669210042     
   6.0199998654425144       0.37884268130456883     
   6.0299998652189970       0.48301763903092698     
   6.0399998649954796       0.58624549009636262     
   6.0499998647719622       0.68826579711820246     
   6.0599998645484447       0.78882049048031933     
   6.0699998643249273       0.88765451942656037     
   6.0799998641014099       0.98451649723475820     
   6.0899998638778925        1.0791593388435927     
   6.0999998636543751        1.1713408893193686     
   6.1099998634308577        1.2608245415686412     
   6.1199998632073402        1.3473798417255227     
   6.1299998629838228        1.4307830806693909     
   6.1399998627603054        1.5108178701595265     
   6.1499998625367880        1.5872757021078912     
   6.1599998623132706        1.6599564895497041     
   6.1699998620897532        1.7286690879136393     
   6.1799998618662357        1.7932317952392147     
   6.1899998616427183        1.8534728300382000     
   6.1999998614192009        1.9092307855494963     
   6.2099998611956835        1.9603550591928389     
   6.2199998609721661        2.0067062560856810     
   6.2299998607486486        2.0481565655496277     
   6.2399998605251312        2.0845901095976269     
   6.2499998603016138        2.1159032624606517     
   6.2599998600780964        2.1420049402826535     
   6.2699998598545790        2.1628168601849742     
   6.2799998596310616        2.1782737679759760     
   6.2899998594075441        2.1883236338582290     
   6.2999998591840267        2.1929278155639831     
   6.3099998589605093        2.1920611884296557     
   6.3199998587369919        2.1857122420014972     
   6.3299998585134745        2.1738831428472465     
   6.3399998582899570        2.1565897633322644     
   6.3499998580664396        2.1338616762031144     
   6.3599998578429222        2.1057421149066515     
   6.3699998576194048        2.0722878996581584     
   6.3799998573958874        2.0335693293577339     
   6.3899998571723700        1.9896700395397602     
   6.3999998569488525        1.9406868266256612     
   6.4099998567253351        1.8867294388350757     
   6.4199998565018177        1.8279203341948147     
   6.4299998562783003        1.7643944061683245     
   6.4399998560547829        1.6962986775106335     
   6.4499998558312654        1.6237919630347080     
   6.4599998556077480        1.5470445020545820     
   6.4699998553842306        1.4662375613483420     
   6.4799998551607132        1.3815630095598614     
   6.4899998549371958        1.2932228640318748     
   6.4999998547136784        1.2014288111343900     
   6.5099998544901609        1.1064017012213545     
   6.5199998542666435        1.0083710194147533     
   6.5299998540431261       0.90757433347874861     
   6.5399998538196087       0.80425672010690130     
   6.5499998535960913       0.69867017100278650     
   6.5599998533725739       0.59107298018828713     
   6.5699998531490564       0.48172911402436325     
   6.5799998529255390       0.37090756547602621     
   6.5899998527020216       0.25888169419646567     
   6.5999998524785042       0.14592855404466723     
   6.6099998522549868        3.2328209686309922E-002
   6.6199998520314693       -8.1636956040850278E-002
   6.6299998518079519      -0.19568294228861327     
   6.6399998515844345      -0.30952483615539778     
   6.6499998513609171      -0.42287752268833001     
   6.6599998511373997      -0.53545639716546589     
   6.6699998509138823      -0.64697807788314121     
   6.6799998506903648      -0.75716111766774474     
   6.6899998504668474      -0.86572671232994591     
   6.6999998502433300      -0.97239940428259697     
   6.7099998500198126       -1.0769077795511757     
   6.7199998497962952       -1.1789851564177221     
   6.7299998495727777       -1.2783702639557442     
   6.7399998493492603       -1.3748079087344840     
   6.7499998491257429       -1.4680496279962034     
   6.7599998489022255       -1.5578543276397334     
   6.7699998486787081       -1.6439889033773403     
   6.7799998484551907       -1.7262288434699515     
   6.7899998482316732       -1.8043588114878495     
   6.7999998480081558       -1.8781732075899937     
   6.8099998477846384       -1.9474767068650711     
   6.8199998475611210       -2.0120847733310758     
   6.8299998473376036       -2.0718241482475652     
   6.8399998471140862       -2.1265333114555949     
   6.8499998468905687       -2.1760629145245503     
   6.8599998466670513       -2.2202761845525250     
   6.8699998464435339       -2.2590492975373824     
   6.8799998462200165       -2.2922717203089937     
   6.8899998459964991       -2.3198465200892300     
   6.8999998457729816       -2.3416906408248752     
   6.9099998455494642       -2.3577351455195603     
   6.9199998453259468       -2.3679254238738876     
   6.9299998451024294       -2.3722213646279133     
   6.9399998448789120       -2.3705974920868909     
   6.9499998446553946       -2.3630430663994146     
   6.9599998444318771       -2.3495621472466564     
   6.9699998442083597       -2.3301736206919901     
   6.9799998439848423       -2.3049111890317913     
   6.9899998437613249       -2.2738233235802796     
   6.9999998435378075       -2.2369731804137825     
   7.0099998433142900       -2.1944384791924541     
   7.0199998430907726       -2.1463113452700924     
   7.0299998428672552       -2.0926981153949971     
   7.0399998426437378       -2.0337191073965957     
   7.0499998424202204       -1.9695083543435841     
   7.0599998421967030       -1.9002133037493667     
   7.0699998419731855       -1.8259944824894001     
   7.0799998417496681       -1.7470251281824254     
   7.0899998415261507       -1.6634907878732981     
   7.0999998413026333       -1.5755888849389599     
   7.1099998410791159       -1.4835282552208480     
   7.1199998408555984       -1.3875286534664746     
   7.1299998406320810       -1.2878202312398463     
   7.1399998404085636       -1.1846429875346203     
   7.1499998401850462       -1.0782461933952197     
   7.1599998399615288      -0.96888779191937668     
   7.1699998397380114      -0.85683377508054903     
   7.1799998395144939      -0.74235753887020461     
   7.1899998392909765      -0.62573921831791746     
   7.1999998390674591      -0.50726500400141972     
   7.2099998388439417      -0.38722644170905895     
   7.2199998386204243      -0.26591971696338590     
   7.2299998383969069      -0.14364492615671615     
   7.2399998381733894       -2.0705336087356793E-002
   7.2499998379498720       0.10259336628134079     
   7.2599998377263546       0.22594383198794277     
   7.2699998375028372       0.34903781429030711     
   7.2799998372793198       0.47156693703795277     
   7.2899998370558023       0.59322346528888070     
   7.2999998368322849       0.71370107624991541     
   7.3099998366087675       0.83269562861402580     
   7.3199998363852501       0.94990592836727372     
   7.3299998361617327        1.0650344891420476     
   7.3399998359382153        1.1777882852020636     
   7.3499998357146978        1.2878794951582513     
   7.3599998354911804        1.3950262345330620     
   7.3699998352676630        1.4989532753139088     
   7.3799998350441456        1.5993927506643293     
   7.3899998348206282        1.6960848429939861     
   7.3999998345971107        1.7887784536257281     
   7.4099998343735933        1.8772318523395373     
   7.4199998341500759        1.9612133051191938     
   7.4299998339265585        2.0405016784777983     
   7.4399998337030411        2.1148870187927877     
   7.4499998334795237        2.1841711051396264     
   7.4599998332560062        2.2481679741758400     
   7.4699998330324888        2.3067044156933050     
   7.4799998328089714        2.3596204375265826     
   7.4899998325854540        2.4067696985784210     
   7.4999998323619366        2.4480199088001515     
   7.5099998321384192        2.4832531950444134     
   7.5199998319149017        2.5123664317902623     
   7.5299998316913843        2.5352715358260252     
   7.5399998314678669        2.5518957240630913     
   7.5499998312443495        2.5621817337439312     
   7.5599998310208321        2.5660880043998100     
   7.5699998307973146        2.5635888210076749     
   7.5799998305737972        2.5546744178913232     
   7.5899998303502798        2.5393510430089554     
   7.5999998301267624        2.5176409823673667     
   7.6099998299032450        2.4895825444020501     
   7.6199998296797276        2.4552300042621833     
   7.6299998294562101        2.4146535080395437     
   7.6399998292326927        2.3679389370806421     
   7.6499998290091753        2.3151877326215002     
   7.6599998287856579        2.2565166810842947     
   7.6699998285621405        2.1920576604742776     
   7.6799998283386230        2.1219573484137353     
   7.6899998281151056        2.0463768924469887     
   7.6999998278915882        1.9654915433463551     
   7.7099998276680708        1.8794902522433043     
   7.7199998274445534        1.7885752325015485     
   7.7299998272210360        1.6929614873392338     
   7.7399998269975185        1.5928763042955540     
   7.7499998267740011        1.4885587177227295     
   7.7599998265504837        1.3802589405671839     
   7.7699998263269663        1.2682377667836908     
   7.7799998261034489        1.1527659458030357     
   7.7899998258799314        1.0341235305471579     
   7.7999998256564140       0.91259920055560417     
   7.8099998254328966       0.78848956185325492     
   7.8199998252093792       0.66209842525150753     
   7.8299998249858618       0.53373606483324765     
   7.8399998247623444       0.40371845842585419     
   7.8499998245388269       0.27236651191602723     
   7.8599998243153095       0.14000526930525473     
   7.8699998240917921        6.9631104451314818E-003
   7.8799998238682747      -0.12642906157260808     
   7.8899998236447573      -0.25983864136568230     
   7.8999998234212399      -0.39293214851895453     
   7.9099998231977224      -0.52537605909785179     
   7.9199998229742050      -0.65683763934936523     
   7.9299998227506876      -0.78698577951184934     
   7.9399998225271702      -0.91549182564936737     
   7.9499998223036528       -1.0420304074260582     
   7.9599998220801353       -1.1662802597409399     
   7.9699998218566179       -1.2879250361537125     
   7.9799998216331005       -1.4066541120474747     
   7.9899998214095831       -1.5221633754947894     
   7.9999998211860657       -1.6341560038191913     
   8.0099998209625483       -1.7423432238749712     
   8.0199998207390308       -1.8464450541038344     
   8.0299998205155134       -1.9461910264677320     
   8.0399998202919960       -2.0413208864027266     
   8.0499998200684786       -2.1315852689890553     
   8.0599998198449612       -2.2167463495875128     
   8.0699998196214437       -2.2965784672517207     
   8.0799998193979263       -2.3708687192897004     
   8.0899998191744089       -2.4394175254162138     
   8.0999998189508915       -2.5020391600094682     
   8.1099998187273741       -2.5585622510618080     
   8.1199998185038567       -2.6088302444937490     
   8.1299998182803392       -2.6527018325839768     
   8.1399998180568218       -2.6900513453545298     
   8.1499998178333044       -2.7207691038400856     
   8.1599998176097870       -2.7447617342628918     
   8.1699998173862696       -2.7619524422301671     
   8.1799998171627522       -2.7722812461685362     
   8.1899998169392347       -2.7757051693100023     
   8.1999998167157173       -2.7721983896458737     
   8.2099998164921999       -2.7617523473686791     
   8.2199998162686825       -2.7443758094271873     
   8.2299998160451651       -2.7200948909259237     
   8.2399998158216476       -2.6889530332077998     
   8.2499998155981302       -2.6510109385663556     
   8.2599998153746128       -2.6063464616424059     
   8.2699998151510954       -2.5550544576683136     
   8.2799998149275780       -2.4972465878313974     
   8.2899998147040606       -2.4330510821358597     
   8.2999998144805431       -2.3626124602498328     
   8.3099998142570257       -2.2860912109303810     
   8.3199998140335083       -2.2036634307243470     
   8.3299998138099909       -2.1155204227464774     
   8.3399998135864735       -2.0218682564380757     
   8.3499998133629560       -1.9229272893092357     
   8.3599998131394386       -1.8189316517652618     
   8.3699998129159212       -1.7101286962129187     
   8.3799998126924038       -1.5967784117344439     
   8.3899998124688864       -1.4791528057065586     
   8.3999998122453690       -1.3575352538277912     
   8.4099998120218515       -1.2322198201000654     
   8.4199998117983341       -1.1035105483894865     
   8.4299998115748167      -0.97172072726636882     
   8.4399998113512993      -0.83717212989560430     
   8.4499998111277819      -0.70019423081527221     
   8.4599998109042645      -0.56112340150376228     
   8.4699998106807470      -0.42030208669346703     
   8.4799998104572296      -0.27807796344212277     
   8.4899998102337122      -0.13480308502101729     
   8.4999998100101948        9.1669882776158895E-003
   8.5099998097866774       0.15347406927373616     
   8.5199998095631599       0.29775823280018687     
   8.5299998093396425       0.44165871117060529     
   8.5399998091161251       0.58481479399230030     
   8.5499998088926077       0.72686673008542801     
   8.5599998086690903       0.86745662925893319     
   8.5699998084455729        1.0062293616884586     
   8.5799998082220554        1.1428334526417823     
   8.5899998079985380        1.2769219703033396     
   8.5999998077750206        1.4081534044610142     
   8.6099998075515032        1.5361925338356377     
   8.6199998073279858        1.6607112798564820     
   8.6299998071044683        1.7813895447144201     
   8.6399998068809509        1.8979160315583159     
   8.6499998066574335        2.0099890447395117     
   8.6599998064339161        2.1173172680539203     
   8.6699998062103987        2.2196205189811136     
   8.6799998059868813        2.3166304769748010     
   8.6899998057633638        2.4080913839190972     
   8.6999998055398464        2.4937607149298602     
   8.7099998053163290        2.5734098177499507     
   8.7199998050928116        2.6468245190614161     
   8.7299998048692942        2.7138056961161077     
   8.7399998046457767        2.7741698121689513     
   8.7499998044222593        2.8277494142847961     
   8.7599998041987419        2.8743935921802559     
   8.7699998039752245        2.9139683968560295     
   8.7799998037517071        2.9463572178725910     
   8.7899998035281897        2.9714611182226736     
   8.7999998033046722        2.9891991258573558     
   8.8099998030811548        2.9995084810285682     
   8.8199998028576374        3.0023448387192060     
   8.8299998026341200        2.9976824255424939     
   8.8399998024106026        2.9855141506045215     
   8.8499998021870852        2.9658516699377104     
   8.8599998019635677        2.9387254042280451     
   8.8699998017400503        2.9041845096749950     
   8.8799998015165329        2.8622968019398032     
   8.8899998012930155        2.8131486332549915     
   8.8999998010694981        2.7568447228852171     
   8.9099998008459806        2.6935079412466991     
   8.9199998006224632        2.6232790481090693     
   8.9299998003989458        2.5463163854193458     
   8.9399998001754284        2.4627955254025240     
   8.9499997999519110        2.3729088747067268     
   8.9599997997283936        2.2768652354726622     
   8.9699997995048761        2.1748893243170238     
   8.9799997992813587        2.0672212503271634     
   8.9899997990578413        1.9541159532695733     
   8.9999997988343239        1.8358426033171953     
   9.0099997986108065        1.7126839637000328     
   9.0199997983872890        1.5849357177797487     
   9.0299997981637716        1.4529057621416219     
   9.0399997979402542        1.3169134673861762     
   9.0499997977167368        1.1772889083877511     
   9.0599997974932194        1.0343720658680373     
   9.0699997972697020       0.88851200120892637     
   9.0799997970461845       0.74006600650074539     
   9.0899997968226671       0.58939873188884107     
   9.0999997965991497       0.43688129234339368     
   9.1099997963756323       0.28289035603409463     
   9.1199997961521149       0.12780721654276239     
   9.1299997959285975       -2.7983148807039643E-002
   9.1399997957050800      -0.18409303218391501     
   9.1499997954815626      -0.34013295769190011     
   9.1599997952580452      -0.49571265063999947     
   9.1699997950345278      -0.65044201123188194     
   9.1799997948110104      -0.80393209025256462     
   9.1899997945874929      -0.95579606431786013     
   9.1999997943639755       -1.1056502082473707     
   9.2099997941404581       -1.2531148621229051     
   9.2199997939169407       -1.3978153906013870     
   9.2299997936934233       -1.5393831320646083     
   9.2399997934699059       -1.6774563352075442     
   9.2499997932463884       -1.8116810806923580     
   9.2599997930228710       -1.9417121855266233     
   9.2699997927993536       -2.0672140878616290     
   9.2799997925758362       -2.1878617099498210     
   9.2899997923523188       -2.3033412970493883     
   9.2999997921288013       -2.4133512301185935     
   9.3099997919052839       -2.5176028102025940     
   9.3199997916817665       -2.6158210124810108     
   9.3299997914582491       -2.7077452080152851     
   9.3399997912347317       -2.7931298513106975     
   9.3499997910112143       -2.8717451318886860     
   9.3599997907876968       -2.9433775881505544     
   9.3699997905641794       -3.0078306819036436     
   9.3799997903406620       -3.0649253320153043     
   9.3899997901171446       -3.1145004057583572     
   9.3999997898936272       -3.1564131665139041     
   9.4099997896701097       -3.1905396766031275     
   9.4199997894465923       -3.2167751541288228     
   9.4299997892230749       -3.2350342828195808     
   9.4399997889995575       -3.2452514739845197     
   9.4499997887760401       -3.2473810798039526     
   9.4599997885525227       -3.2413975573011093     
   9.4699997883290052       -3.2272955824616796     
   9.4799997881054878       -3.2050901140912513     
   9.4899997878819704       -3.1748164071253471     
   9.4999997876584530       -3.1365299752324116     
   9.5099997874349356       -3.0903065026764760     
   9.5199997872114182       -3.0362417055329942     
   9.5299997869879007       -2.9744511424781899     
   9.5399997867643833       -2.9050699754988791     
   9.5499997865408659       -2.8282526809957940     
   9.5599997863173485       -2.7441727118786283     
   9.5699997860938311       -2.6530221113750549     
   9.5799997858703136       -2.5550110793984704     
   9.5899997856467962       -2.4503674924399466     
   9.5999997854232788       -2.3393363780684711     
   9.6099997851997614       -2.2221793452397458     
   9.6199997849762440       -2.0991739717272906     
   9.6299997847527266       -1.9706131501000839     
   9.6399997845292091       -1.8368043937781600     
   9.6499997843056917       -1.6980691048012191     
   9.6599997840821743       -1.5547418050451116     
   9.6699997838586569       -1.4071693327167751     
   9.6799997836351395       -1.2557100060495818     
   9.6899997834116220       -1.1007327562078599     
   9.6999997831881046      -0.94261623149135065     
   9.7099997829645872      -0.78174787500733811     
   9.7199997827410698      -0.61852297804994283     
   9.7299997825175524      -0.45334371149239627     
   9.7399997822940350      -0.28661813755885024     
   9.7499997820705175      -0.11875920439723830     
   9.7599997818470001        4.9816274076238704E-002
   9.7699997816234827       0.21868865054743641     
   9.7799997813999653       0.38743648633901095     
   9.7899997811764479       0.55563760052865729     
   9.7999997809529305       0.72287012354575553     
   9.8099997807294130       0.88871355262362939     
   9.8199997805058956        1.0527498064734260     
   9.8299997802823782        1.2145642765409850     
   9.8399997800588608        1.3737468722100143     
   9.8499997798353434        1.5298930573234293     
   9.8599997796118259        1.6826048754098475     
   9.8699997793883085        1.8314919610239360     
   9.8799997791647911        1.9761725346375456     
   9.8899997789412737        2.1162743785532805     
   9.8999997787177563        2.2514357913532761     
   9.9099997784942389        2.3813065184434006     
   9.9199997782707214        2.5055486563067593     
   9.9299997780472040        2.6238375281401414     
   9.9399997778236866        2.7358625286127736     
   9.9499997776001692        2.8413279355582919     
   9.9599997773766518        2.9399536864880349     
   9.9699997771531343        3.0314761178964251     
   9.9799997769296169        3.1156486654171607     
   9.9899997767060995        3.1922425229819491     
   9.9999997764825821        3.2610472592313955     
