   0.0000000000000000        1.0000000000000000     
   9.9999997764825821E-003   1.0000000000000000     
   1.9999999552965164E-002  0.99750000011175866     
   2.9974999331124127E-002  0.99250000033527608     
   3.9899999112635851E-002  0.98500625066999337     
   4.9750061399169730E-002  0.97503125111479305     
   5.9500373692381189E-002  0.96259373604300080     
   6.9126310837654734E-002  0.94771864295238972     
   7.8603497055346999E-002  0.93043706562924944     
   8.7907867503670606E-002  0.91078619180464393     
   9.7015729218140473E-002  0.88880922541994978     
  0.10590382127367563       0.86455529365753225     
  0.11454937401700779       0.83807933893089703     
  0.12293016721899143       0.80944199606673961     
  0.13102458699873443       0.77870945494891763     
  0.13881168137416847       0.74595330893139100     
  0.14627121429674883       0.71125038936351959     
  0.15338371803140718       0.67468258660668645     
  0.16013054374667074       0.63633665795593297     
  0.16649391018399773       0.59630402291406437     
  0.17245695027985403       0.55468054629842212     
  0.17800375561885748       0.51156630969213690     
  0.18311941860143488       0.46706537178209601     
  0.18779007221485861       0.42128551815499676     
  0.19200292730224391       0.37433800115064092     
  0.19574630723007927       0.32633727039797988     
  0.19900967986111701       0.27740069468427780     
  0.20178368674595590       0.22764827583105179     
  0.20406016945338307       0.17720235527211703     
  0.20583219296649644       0.12618731404904632     
  0.20709406607878184        7.4729266957599211E-002
  0.20784135873165455        2.2955751595132023E-002
  0.20807091624247487       -2.9004586926377515E-002
  0.20778087037969412       -8.1022314824309383E-002
  0.20697064724956091      -0.13296753125816682     
  0.20564097196669981      -0.18471019191401844     
  0.20379387008884556      -0.23612043375658492     
  0.20143266580405675      -0.28706890014000930     
  0.19856197686682156      -0.33742706546543078     
  0.19518770628758808      -0.38706755857258468     
  0.19131703078837858      -0.43586448405378542     
  0.18695838604526405      -0.48369374068181287     
  0.18212144874655989      -0.53043333614841748     
  0.17681711550363680      -0.57596369731737451     
  0.17105747865920096      -0.62016797520524114     
  0.16485579904576689      -0.66293234391418321     
  0.15822647575480198      -0.70414629275442131     
  0.15118501298464673      -0.74370291080896245     
  0.14374798404278766      -0.78149916321031199     
  0.13593299258536320      -0.81743615841775441     
  0.12775863118389688      -0.85141940580451048     
  0.11924443731615884      -0.88335906288657773     
  0.11041084688473921      -0.91317017154928726     
  0.10127914537335578      -0.94077288265350334     
   9.1871416757099866E-002 -0.96609266843090091     
   8.2210490288729399E-002 -0.98906052210680429     
   7.2319885288733607E-002  -1.0096131442195997     
   6.2223754072203735E-002  -1.0276931151376643     
   5.1946823150534407E-002  -1.0432490533080128     
   4.1514332850638616E-002  -1.0562357588053708     
   3.0951975498671999E-002  -1.0666143417860510     
   2.0285832319218371E-002  -1.0743523354877613     
   9.5423092044772170E-003  -1.0794237934542099     
  -1.2519284887948633E-003  -1.0818093707020073     
  -1.2070021954011700E-002  -1.0814963885868043     
  -2.2884985598146463E-002  -1.0784788831657479     
  -3.3669774188745130E-002  -1.0727576368940912     
  -4.4397350317906023E-002  -1.0643401935350494     
  -5.5040752015357949E-002  -1.0532408562036624     
  -6.5573160341976897E-002  -1.0394806685073870     
  -7.5967966794708727E-002  -1.0230873787883112     
  -8.6198840353913994E-002  -1.0040953875141381     
  -9.6239794004622570E-002 -0.98254567790733316     
 -0.10606525056407982      -0.95848572994395931     
 -0.11565010764928116      -0.93196941789562515     
 -0.12496980161992602      -0.90305689162955016     
 -0.13400037033437256      -0.87181444192289181     
 -0.14271851455873577      -0.83831435008808408     
 -0.15110165787223875      -0.80263472224590204     
 -0.15912800491529494      -0.76485930862218865     
 -0.16677659783055745      -0.72507730828256189     
 -0.17402737075131566      -0.68338315975685937     
 -0.18086120219613622      -0.63987631804148415     
 -0.18725996523352756      -0.59466101850309083     
 -0.19320657528564136      -0.54784602824110551     
 -0.19868503544559929      -0.49954438549932101     
 -0.20368047918893561      -0.44987312774816035     
 -0.20817921036586273      -0.39895300908907982     
 -0.21216874036758057      -0.34690820766090613     
 -0.21563782236664961      -0.29386602375459620     
 -0.21857648253851139      -0.23995656936790402     
 -0.22097604817855596      -0.18531244995466745     
 -0.22282917263668206      -0.13006843914482835     
 -0.22412985699905777       -7.4361147230812857E-002
 -0.22487346845474487       -1.8328684233471587E-002
 -0.22505675529298280        3.7889681623636207E-002
 -0.22467785848521543        9.4153869189279288E-002
 -0.22373631981436767       0.15032333255509778     
 -0.22223308652241658       0.20625741125846558     
 -0.22017051245593405       0.26181568164724561     
 -0.21755235569798195       0.31685830853093050     
 -0.21438377268349601       0.37124639623975747     
 -0.21067130880407847       0.42484233821266881     
 -0.20642288551691146       0.47751016423647075     
 -0.20164778398127858       0.52911588446222080     
 -0.19635662525492298       0.57952782933074565     
 -0.19056134709115008       0.62861698454724824     
 -0.18427517738618443       0.67625732025519125     
 -0.17751260433478780       0.72232611357201959     
 -0.17028934336052007       0.76670426366378752     
 -0.16262230089525395       0.80927659855235168     
 -0.15452953509061784       0.84993217286744227     
 -0.14603021355191806       0.88856455577659565     
 -0.13714456819276175       0.92507210834856779     
 -0.12789384731604581       0.95935824963040328     
 -0.11830026503417505       0.99133171074475213     
 -0.10838694814830743        1.0209067763422417     
  -9.8177880613075461E-002   1.0480035127736593     
  -8.7697845719585901E-002   1.0725479823783166     
  -7.6972366135535888E-002   1.0944724433181632     
  -6.6027641946987917E-002   1.1137155344219305     
  -5.4890486851703432E-002   1.1302224445397193     
  -4.3588262658930642E-002   1.1439450659459207     
  -3.2148812255163084E-002   1.1548421313670849     
  -2.0600391199619567E-002   1.1628793342512302     
  -8.9715981170310505E-003   1.1680294319360214     
   2.7086959412542400E-003   1.1702723314151464     
   1.4411418993829455E-002   1.1695951574449688     
   2.6107370306854255E-002   1.1659923027770416     
   3.7767293074005080E-002   1.1594654603462142     
   4.9361947418306497E-002   1.1500236372887542     
   6.0862183534143730E-002   1.1376831507100089     
   7.2239014786951813E-002   1.1224676051665670     
   8.3463690587726416E-002   1.1044078518734959     
   9.4507768859606989E-002   1.0835419296929540     
  0.10534318791434603        1.0599149880061556     
  0.11594233755749812        1.0335791916162200     
  0.12627812924263737        1.0045936078747237     
  0.13632406509684045       0.97302407626969845     
  0.14605430564204960       0.93894306075725842     
  0.15544373603975206       0.90242948516288801     
  0.16446803068967222       0.86356855202155958     
  0.17310371601686519       0.82245154526817821     
  0.18132823128571474       0.77917561723125428     
  0.18911998728386795       0.73384356042307608     
  0.19645842272407188       0.68656356465889934     
  0.20332405821720195       0.63744896007567831     
  0.20969854767547780       0.58661794665753952     
  0.21556472701093388       0.53419331091045197     
  0.22090666000063688       0.48030213036228031     
  0.22570968119690379       0.42507546659653322     
  0.22996043576785735       0.36864804755855840     
  0.23364691616104369       0.31115793990159812     
  0.23675849549051045       0.25274621216694110     
  0.23928595755568668       0.19355658961730468     
  0.24122152340859646       0.13373510156549751     
  0.24255887439435930        7.3429722061278693E-002
  0.24329317159855926        1.2790004818092199E-002
  0.24342107164388138       -4.8033286722041074E-002
  0.24294073878739725      -0.10888855327279018     
  0.24185185327900782      -0.16962373661210234     
  0.24015561595080065      -0.23008669858040176     
  0.23785474901642500      -0.29012560122612785     
  0.23495349306901187      -0.34958928715111715     
  0.23145760027564000      -0.40832765910546515     
  0.22737432377585368      -0.46619205788100504     
  0.22271240330124567      -0.52303563755441540     
  0.21748204704260909      -0.57871373713522423     
  0.21169490980060945      -0.63308424768060090     
  0.20536406746530880      -0.68600797394781576     
  0.19850398787916537      -0.73734898966658180     
  0.19113049814730990      -0.78697498552714562     
  0.18326074846794105      -0.83475760899594820     
  0.17491317256456443      -0.88057279508888420     
  0.16610744481049894      -0.92430108725262183     
  0.15686443414457010      -0.96582794752704892     
  0.14720615488517899       -1.0050440551866431     
  0.13715571455795741       -1.0418455930853594     
  0.12673725885997444       -1.0761345209584314     
  0.11597591389092494       -1.1078188349652254     
  0.10489772578888949       -1.1368128127898907     
   9.3529597915088053E-002  -1.1630372436509513     
   8.1899225738537626E-002  -1.1864196426070859     
   7.0035029577652216E-002  -1.2068944485840727     
   5.7966085361573425E-002  -1.2244032055871346     
   4.5722053579377524E-002  -1.2388947266036172     
   3.3333106590255901E-002  -1.2503252397429696     
   2.0829854472295677E-002  -1.2586585162042703     
   8.2432695915850753E-003  -1.2638659797059484     
  -4.3953899229783478E-003  -1.2659267970577819     
  -1.7054657610599478E-002  -1.2648279496015984     
  -2.9702936823904385E-002  -1.2605642852942489     
  -4.2308579395088801E-002  -1.2531385512542510     
  -5.4839964627533017E-002  -1.2425614066418964     
  -6.7265578416217858E-002  -1.2288514157914554     
  -7.9554092299462711E-002  -1.2120350215632767     
  -9.1674442244184542E-002  -1.1921464989329542     
 -0.10359590696704858       -1.1692278888841789     
 -0.11528818559454757       -1.1433289127213040     
 -0.12672147446620668       -1.1145068669668901     
 -0.13786654288676389       -1.0828264990584497     
 -0.14869480763531781       -1.0483598641071481     
 -0.15917840604206260       -1.0111861630292156     
 -0.16929026744633704      -0.97139156240817859     
 -0.17900418285329589      -0.92906899649257746     
 -0.18829487261055855      -0.88431795177951733     
 -0.19713805193069325      -0.83724423467905729     
 -0.20551049409034516      -0.78795972279797866     
 -0.21339009114220223      -0.73658210042377170     
 -0.22075591198180100      -0.68323457883063121     
 -0.22758825761739249      -0.62804560206875071     
 -0.23386871349770086      -0.57114853893615103     
 -0.23958019875940073      -0.51268136186856905     
 -0.24470701226349320      -0.45278631351747756     
 -0.24923487529746235      -0.39160956181901124     
 -0.25315097082812094      -0.32930084438735407     
 -0.25644397919839002      -0.26601310309491510     
 -0.25910411016988061      -0.20190210972831002     
 -0.26112313122203507      -0.13712608363369691     
 -0.26249439202772196       -7.1845302287327342E-002
 -0.26321284503453657       -6.2217057471985748E-003
 -0.26327506209061791        5.9581504040619182E-002
 -0.26267924706352924       0.12540026809210961     
 -0.26142524441063730       0.19107007839015724     
 -0.25951454366944321       0.25642638803198919     
 -0.25695027984643909       0.32130502249919946     
 -0.25373722969326434       0.38554259102498767     
 -0.24988180386918996       0.44897689703043647     
 -0.24539203499923976       0.51144734660141056     
 -0.24027756164754305       0.57279535397998560     
 -0.23454960823577292       0.63286474304921581     
 -0.22822096094673705       0.69150214379751096     
 -0.22130593966332471       0.74855738275891126     
 -0.21382036600305121       0.80388386643809917     
 -0.20578152751835227       0.85733895674404759     
 -0.19720813814254198       0.90878433747374177     
 -0.18812029497093369       0.95808637090739091     
 -0.17853943147600876        1.0051164435989202     
 -0.16848826726468058        1.0497513004702554     
 -0.15799075449461572        1.0918733663449240     
 -0.14707202107521919        1.1313710540857358     
 -0.13575831078724296        1.1681390585327116     
 -0.12407692046301527        1.2020786354709136     
 -0.11205613437699165        1.2330978648933337     
  -9.9725156003677165E-002   1.2611118978614191     
  -8.7114037306943448E-002   1.2860431863050807     
  -7.4253605731345693E-002   1.3078216951450290     
  -6.1175389072216327E-002   1.3263850961629411     
  -4.7911538407057086E-002   1.3416789430891511     
  -3.4494749276054185E-002   1.3536568274231888     
  -2.0958181304388174E-002   1.3622805145494479     
  -7.3353764633871180E-003   1.3675200597584320     
   6.3398238285326501E-003   1.3693539038332891     
   2.0033362560791093E-002   1.3677689479115824     
   3.3711051734186731E-002   1.3627606073833298     
   4.7338657503419299E-002   1.3543328446381584     
   6.0881985647083900E-002   1.3424981805268290     
   7.4306967152280468E-002   1.3272776844552627     
   8.7579743700163415E-002   1.3087009430824152     
  0.10066675283847011        1.2868060076467644     
  0.11353481262731420        1.2616393199996663     
  0.12615120554531251        1.2332556174772629     
  0.13848376144443103        1.2017178167958595     
  0.15050093934378475        1.1670968772085901     
  0.16217190785500418        1.1294716432136336     
  0.17346662403468394        1.0889286671560887     
  0.18435591046285030        1.0455620121167379     
  0.19481153035031634       0.99947303553119426     
  0.20480626048222866       0.95077015403220944     
  0.21431396181003706       0.89956859005609646     
  0.22330964750952878       0.84599010080115977     
  0.23176954832844684       0.79016269017161744     
  0.23967117505354790       0.73222030438461905     
  0.24699337793373011       0.67230251196049917     
  0.25371640290306380       0.61055416885724967     
  0.25982194445516682       0.54712506954923457     
  0.26529319502836718       0.48216958488731110     
  0.27011489076946699       0.41584628761266057     
  0.27427335355264471       0.34831756642967837     
  0.27775652913908644       0.27974922957413900     
  0.28055402137229901       0.21031009884145296     
  0.28265712231370554       0.14017159506609597     
  0.28405883823303574        6.9507316067139335E-002
  0.28475391137817102       -1.5073919038171429E-003
  0.28473883745946976       -7.2695868157173424E-002
  0.28401187879414680      -0.14388057593093861     
  0.28257307306699725      -0.21488354404243526     
  0.28042423767460312      -0.28552681073018449     
  0.27756896963112149      -0.35563286858184273     
  0.27401264102479322      -0.42502510943858562     
  0.26976239002540786      -0.49352826816361900     
  0.26482710745408383      -0.56096886416255609     
  0.25921741893784456      -0.62717563954624023     
  0.25294566268256685      -0.69197999283221112     
  0.24602586290891432      -0.75521640708940874     
  0.23847369900682425      -0.81672287144186062     
  0.23030647047495742      -0.87634129486099099     
  0.22154305772222505      -0.93391791119279266     
  0.21220387881904404      -0.98930367438538058     
  0.20231084229631685       -1.0423546429043600     
  0.19188729610025768       -1.0929323523479393     
  0.18095797282106771       -1.1409041753007498     
  0.16954893132307217       -1.1861436674948354     
  0.15768749491324757       -1.2285308993781749     
  0.14540218619406386       -1.2679527722253392     
  0.13272265875521999       -1.3043033179613572     
  0.11967962586714093       -1.3374839819085165     
  0.10630478634700673       -1.3674038877065398     
   9.2630747775579919E-002  -1.3939800836992671     
   7.8690947250166079E-002  -1.4171377701255474     
   6.4519569865665580E-002  -1.4368105064983689     
   5.0151465121834063E-002  -1.4529403986042542     
   3.5622061460549005E-002  -1.4654782646044695     
   2.0967279142064227E-002  -1.4743837797705530     
   6.2234416739091521E-003  -1.4796255994389054     
  -8.5728139897578073E-003  -1.4811814598226065     
  -2.3384628256914015E-002  -1.4790382563730713     
  -3.8175010490053916E-002  -1.4731920994395147     
  -5.2906931155164968E-002  -1.4636483470303208     
  -6.7543414298317284E-002  -1.4504216145371700     
  -8.2047630119494494E-002  -1.4335357613400188     
  -9.6382987412474475E-002  -1.4130238542686220     
 -0.11051322563932525       -1.3889281079540852     
 -0.12440250640841648       -1.3612998021617946     
 -0.13801550412576022       -1.3301991762548437     
 -0.15131749559098598       -1.2956953009946255     
 -0.16427444831132176       -1.2578659279424313     
 -0.17685310730959114       -1.2167973167825559     
 -0.18902108020544131       -1.1725840409434019     
 -0.20074692035278238       -1.1253287719482792     
 -0.21200020782073459       -1.0751420429818443     
 -0.22275162801024007       -1.0221419922113042     
 -0.23297304770388658      -0.96645408645346587     
 -0.24263758835240190      -0.90821082582933255     
 -0.25171969640769432      -0.84755143009707523     
 -0.26019521051922256      -0.78462150740174508     
 -0.26804142541786347      -0.71957270622589342     
 -0.27523715231928536      -0.65256235136922569     
 -0.28176277568711855      -0.58375306482741185     
 -0.28760030620491367      -0.51331237248010442     
 -0.29273342981498046      -0.44141229753596795     
 -0.29714755269167681      -0.36822894171799836     
 -0.30082984202655122      -0.29394205520552052     
 -0.30376926251290526      -0.21873459637990045     
 -0.30595660842781325      -0.14279228244911718     
 -0.30738453122038784       -6.6303132051829652E-002
 -0.30804756252608623        1.0542999035622391E-002
 -0.30794213253808655        8.7554887945794052E-002
 -0.30706658367819867       0.16454041935955493     
 -0.30542117952138076       0.24130706356323633     
 -0.30300810893968472       0.31766235673690768     
 -0.29983148544331872       0.39341438227863912     
 -0.29589734170846732       0.46837225196402982     
 -0.29121361929351636       0.54234658573769146     
 -0.28579015355736337       0.61514998893378769     
 -0.27963865380552222       0.68659752572615163     
 -0.27277267870172722       0.75650718761492941     
 -0.26520760699467044       0.82470035576612510     
 -0.25696060362134410       0.89100225603282968     
 -0.24805058126017032       0.95524240550228645     
 -0.23849815741866076        1.0172550494312385     
 -0.22832560715172259        1.0768795874531913     
 -0.21755681151789202        1.1339609879652532     
 -0.20621720189169951        1.1883501896290327     
 -0.19433370026102614        1.2399044889496291     
 -0.18193465564867009        1.2884879129289615     
 -0.16904977680737998        1.3339715758244899     
 -0.15571006134730098        1.3762340190816957     
 -0.14194772146409629        1.4151615335484231     
 -0.12779610644492531        1.4506484631212524     
 -0.11328962213795798        1.4825974890183673     
  -9.8463647579160679E-002   1.5109198939198016     
  -8.3354448977679574E-002   1.5355358052643833     
  -6.7999091268254735E-002   1.5563744170430238     
  -5.2435347445701289E-002   1.5733741894801130     
  -3.6701605902576692E-002   1.5864830260485330     
  -2.0836775996697952E-002   1.5956584273190910     
  -4.8801920801644916E-003   1.6008676212018309     
   1.1128483774032021E-002   1.6020876691946018     
   2.7149360107883540E-002   1.5993055483132790     
   4.3142415233543688E-002   1.5925182084380169     
   5.9067596961968297E-002   1.5817326048707081     
   7.4884922657130593E-002   1.5669657059602820     
   9.0554579366489280E-002   1.5482444757144513     
  0.10603702377757418        1.5256058313788421     
  0.12129308175036313        1.4990965760269765     
  0.13628404717555870        1.4687733062671637     
  0.15097177990993391        1.4347022952348205     
  0.16531880254160117        1.3969593511009577     
  0.17928839574036601        1.3556296513893482     
  0.19284469195125264        1.3108075534561088     
  0.20595276719282540        1.2625963815458994     
  0.21857873072607212        1.2111081908985437     
  0.23068981236435379        1.1564635094384295     
  0.24225444720024836        1.0987910576364208     
  0.25324235753101365        1.0382274471900610     
  0.26362463177085232       0.97491685922240956     
  0.27337380014516555       0.90901070275281393     
  0.28246390696951396       0.84066725424411770     
  0.29087057932405136       0.77005127908012927     
  0.29857109194273279       0.69733363587448249     
  0.30554442814561139       0.62269086455719524     
  0.31177133665200107       0.54630475922815491     
  0.31723438412217397       0.46836192680731276     
  0.32191800328556003       0.38905333254945451     
  0.32580853652409436       0.30857383352692153     
  0.32889427479039196       0.22712170121649500     
  0.33116549175179127       0.14489813435673699     
  0.33261447306297137        6.2106763269320547E-002
  0.33323554068178263       -2.1046853137794086E-002
  0.33302507215510901      -0.10435573644614105     
  0.33198151481397292      -0.18761200262399569     
  0.33010539482966750      -0.27060737947239766     
  0.32739932109542896      -0.35313372633520690     
  0.32386798391100841      -0.43498355477957784     
  0.31951814846043902      -0.51595054894757653     
  0.31435864308628719      -0.59583008427723949     
  0.30840034237669323      -0.67441974329219545     
  0.30165614509451583      -0.75151982716304755     
  0.29414094699086313      -0.82693386175104144     
  0.28587160855818683      -0.90046909685511656     
  0.27686691779090622      -0.97193699739723116     
  0.26714754803417873       -1.0411537252978433     
  0.25673601101391630       -1.1079406108135847     
  0.24565660515342447       -1.1721246121324396     
  0.23393535929409034       -1.2335387620480824     
  0.22159997194932693       -1.2920226005643893     
  0.20867974623247260       -1.3474225923134346     
  0.19520552061051066       -1.3995925277054639     
  0.18120959564628933       -1.4483939067672957     
  0.16672565690235763       -1.4936963046662806     
  0.15178869418956198       -1.5353777179602177     
  0.13643491735314348       -1.5733248906594228     
  0.12070166879821476       -1.6074336192353191     
  0.10462733296515098       -1.6376090357603996     
   8.8251242973581126E-002  -1.6637658684170367     
   7.1613584661291418E-002  -1.6858286786672898     
   5.4755298251430592E-002  -1.7037320744324407     
   3.7717977887919980E-002  -1.7174208986893293     
   2.0543769284900173E-002  -1.7268503929505437     
   3.2752657413758768E-003  -1.7319863351569715     
  -1.4044597223064725E-002  -1.7328051515740135     
  -3.1372648351492727E-002  -1.7292940023467276     
  -4.8665587988432672E-002  -1.7214508404341626     
  -6.5880096008000044E-002  -1.7092844437089947     
  -8.2972940063035142E-002  -1.6928144200751285     
  -9.9901083885412911E-002  -1.6720711855230173     
 -0.11662179536690605       -1.6470959151099049     
 -0.13309275414985047       -1.6179404669198534     
 -0.14927215845741112       -1.5846672791261045     
 -0.16511883089447144       -1.5473492403458748     
 -0.18059232295207067       -1.5060695335449303     
 -0.19565301795088721       -1.4609214538160509     
 -0.21026223216250634       -1.4120082004216254     
 -0.22438231385111415       -1.3594426435559306     
 -0.23797673998281435       -1.3033470663469859     
 -0.25101021035496346       -1.2438528826810811     
 -0.26344873890375148       -1.1811003314949691     
 -0.27525974195470465       -1.1152381482411657     
 -0.28641212318784115       -1.0464232142906233     
 -0.29687635509685356      -0.97482018509411550     
 -0.30662455672990541      -0.90060109797882804     
 -0.31563056750839363      -0.82394496050974997     
 -0.32387001692932510      -0.74503732039637482     
 -0.33132038996676005      -0.66406981797380826     
 -0.33796108799806696      -0.58123972233351517     
 -0.34377348509148492      -0.49674945222250316     
 -0.34874097950267779      -0.41080608287061599     
 -0.35284904023956165      -0.32362083994368862     
 -0.35608524856666363      -0.23540858185549585     
 -0.35843933433260067      -0.14638727170361132     
 -0.35990320701691669       -5.6777440123397013E-002
 -0.36047098140545991        3.3198359619716275E-002
 -0.36013899781668318       0.12331610295679268     
 -0.35890583681467852       0.21335085039853002     
 -0.35677232835838085       0.30307730759665702     
 -0.35374155535015733       0.39227038769263151     
 -0.34981885156091030       0.48070577455348584     
 -0.34501179392282155       0.56816048548894826     
 -0.33933018919492586       0.65441343204175006     
 -0.33278605502078118       0.73924597744432630     
 -0.32539359541157226       0.82244248933993458     
 -0.31716917070200312       0.90379088637454918     
 -0.30813126204027064       0.98308317727772909     
 -0.29830043048722954        1.0601159910659792     
 -0.28769927081352414        1.1346910970209030     
 -0.27635236009693831        1.2066159131166390     
 -0.26428620123547159        1.2757040015966343     
 -0.25152916150464733        1.3417755504286879     
 -0.23811140630027067        1.4046578393993210     
 -0.22406482822024296        1.4641856896438374     
 -0.20942297165107560        1.5202018954468384     
 -0.19422095303639880        1.5725576371893653     
 -0.17849537701599916        1.6211128743631709     
 -0.16228424863471441        1.6657367176197500     
 -0.14562688183083808        1.7063077788715946     
 -0.12856380442351165        1.7427144985155505     
 -0.11113665982788319        1.7748554489030222     
  -9.3388105735564081E-002   1.8026396132389684     
  -7.5361710006095747E-002   1.8259866391510127     
  -5.7101844022725438E-002   1.8448270662314203     
  -3.8653573772762219E-002   1.8591025269180204     
  -2.0062548919123811E-002   1.8687659201452171     
  -1.3748901353733724E-003   1.8737815572628900     
   1.7362925018432711E-002   1.8741252797890504     
   3.6104177397423567E-002   1.8697845486314650     
   5.4802022465808800E-002   1.8607585044838570     
   7.3409607094735430E-002   1.8470579991736351     
   9.1880186673622147E-002   1.8287055978101594     
  0.11016724224297619        1.8057355516551745     
  0.12822459735591460        1.7781937417100380     
  0.14600653437555772        1.7461375930875700     
  0.16346790991614124        1.7096359603095557     
  0.18056426913710338        1.6687689837439685     
  0.19725195860154413        1.6236279174686741     
  0.21348823741332174        1.5743149289205192     
  0.22923138635064011        1.5209428707601473     
  0.24444081471828435        1.4636350254534174     
  0.25907716464567060        1.4025248231397658     
  0.27310241256357953        1.3377555334260547     
  0.28647996759882843        1.2694799318112384     
  0.29917476663318993        1.1978599415123630     
  0.31115336578057101        1.1230662515258347     
  0.32238402804480448        1.0452779118193969     
  0.33283680692936063       0.96468190660965691     
  0.34248362577983399       0.88147270673718736     
  0.35129835265018133       0.79585180220600527     
  0.35925687049435462       0.70802721600649243     
  0.36633714249616312       0.61821300039040794     
  0.37251927236188581       0.52662871681343548     
  0.37778555941230946       0.43349890080457770     
  0.38212054832346065       0.33905251306254164     
  0.38551107337830193       0.24352237811694144     
  0.38794629710503986       0.14714461192657696     
  0.38941774319141625        5.0158039818135866E-002
  0.38991932357838643       -4.7196393803676975E-002
  0.38944735965089888      -0.14467622251942958     
  0.38800059745804222      -0.24203806025594760     
  0.38558021690958244      -0.33903820745233587     
  0.38218983491084002      -0.43543325952513412     
  0.37783550241291558      -0.53098071611719200     
  0.37252569537042712      -0.62543958960910051     
  0.36627129961413274      -0.71857101137005774     
  0.35908558966104531      -0.81013883422689059     
  0.35098420149985654      -0.89991022963560485     
  0.34198509940464611      -0.98765627804929190     
  0.33210853684491159       -1.0731525509894628     
  0.32137701157488524       -1.1561796833448896     
  0.30981521499986264       -1.2365239344427770     
  0.29744997593181949       -1.3139777364615153     
  0.28431019886090125       -1.3883402287823390     
  0.27042679688339610       -1.4594177769088572     
  0.25583261944051283       -1.5270244746185788     
  0.24056237503564362       -1.5909826280491308     
  0.22465254911076465       -1.6511232204637947     
  0.20814131727518151       -1.7072863564861418     
  0.19106845409192832       -1.7593216846418569     
  0.17347523763874878       -1.8070887970971607     
  0.15540435007169301       -1.8504576055374795     
  0.13689977442992773       -1.8893086921870132     
  0.11800668793035100       -1.9235336350295080     
   9.8771352009999203E-002  -1.9530353063526820     
   7.9240999383009797E-002  -1.9777281438032539     
   5.9463718387033945E-002  -1.9975383932062127     
   3.9488334901456437E-002  -2.0124043224706920     
   1.9364292126556937E-002  -2.0222764059753979     
  -8.5847148118304087E-004  -2.0271174788988309     
  -2.1129645817075285E-002  -2.0269028610333324     
  -4.1398673974360520E-002  -2.0216204496971346     
  -6.1614878019464484E-002  -2.0112707814348778     
  -8.1727585384259213E-002  -1.9958670622743115     
 -0.10168625556089128       -1.9754351663849352     
 -0.12144060678319646       -1.9500136030629287     
 -0.14094074237796375       -1.9196534520457318     
 -0.16013727646934509       -1.8844182672388086     
 -0.17898145872053287       -1.8443839490163090     
 -0.19742529779844403       -1.7996385853363126     
 -0.21542168324955660       -1.7502822619899014     
 -0.23292450547823704       -1.6964268423812747     
 -0.24988877352286884       -1.6381957173132826     
 -0.26627073032983639       -1.5757235253289277     
 -0.28202796523092399       -1.5091558442343722     
 -0.29711952333594510       -1.4386488545025953     
 -0.31150601155940799       -1.3643689753288937     
 -0.32514970100773671       -1.2864924741797172     
 -0.33801462546198041       -1.2052050507446985     
 -0.35006667570004307       -1.1207013962680072     
 -0.36127368941222687       -1.0331847292991465     
 -0.37160553647428357      -0.94286630896486390     
 -0.38103419935318517      -0.84996492692280079     
 -0.38953384843243122      -0.75470637921369899     
 -0.39708091205587820      -0.65732291928228115     
 -0.40365414110177789      -0.55805269348717412     
 -0.40923466791191515      -0.45713916046732295     
 -0.41380605941440984      -0.35483049577612108     
 -0.41735436429286027      -0.25137898323484020     
 -0.41986815406902112      -0.14704039449377437     
 -0.42133855798109277       -4.2073358322715235E-002
 -0.42175929155491582        6.3261278818145292E-002
 -0.42112667878087434       0.16870109935011054     
 -0.41943966782508085       0.27398276669210042     
 -0.41669984021939976       0.37884268130456883     
 -0.41291141349103200       0.48301763903092698     
 -0.40808123720868561       0.58624549009636262     
 -0.40221878243875808       0.68826579711820246     
 -0.39533612462141543       0.78882049048031933     
 -0.38744791989292737       0.88765451942656037     
 -0.37857137489706799       0.98451649723475820     
 -0.36872621014477702        1.0791593388435927     
 -0.35793461699755202        1.1713408893193686     
 -0.34622120836617343        1.2608245415686412     
 -0.33361296323230327        1.3473798417255227     
 -0.32013916511621093        1.4307830806693909     
 -0.30583133462932194        1.5108178701595265     
 -0.29072315626542078        1.5872757021078912     
 -0.27485039959912561        1.6599564895497041     
 -0.25825083507465774        1.7286690879136393     
 -0.24096414458190898        1.7932317952392147     
 -0.22303182703033539        1.8534728300382000     
 -0.20449709914423686        1.9092307855494963     
 -0.18540479171548824        1.9603550591928389     
 -0.16580124156173334        2.0067062560856810     
 -0.14573417944941033        2.0481565655496277     
 -0.12525261425171272        2.0845901095976269     
 -0.10440671362167865        2.1159032624606517     
  -8.3247681470013365E-002   2.1420049402826535     
  -6.1827632545962241E-002   2.1628168601849742     
  -4.0199464427539744E-002   2.1782737679759760     
  -1.8416727234662110E-002   2.1883236338582290     
   3.4665086147917315E-003   2.1929278155639831     
   2.5395786280273999E-002   2.1920611884296557     
   4.7316397674606700E-002   2.1857122420014972     
   6.9173519606076914E-002   2.1738831428472465     
   9.0912350548648629E-002   2.1565897633322644     
  0.11247824769993589        2.1338616762031144     
  0.13381686398501177        2.1057421149066515     
  0.15487428466340825        2.0722878996581584     
  0.17559716319679738        2.0335693293577339     
  0.19593285603583654        1.9896700395397602     
  0.21582955598650824        1.9406868266256612     
  0.23523642381898754        1.8867294388350757     
  0.25410371778562141        1.8279203341948147     
  0.27238292071899750        1.7643944061683245     
  0.29002686438630787        1.6962986775106335     
  0.30698985078226193        1.6237919630347080     
  0.32322777004966324        1.5470445020545820     
  0.33869821472441769        1.4662375613483420     
  0.35336059001017150        1.3815630095598614     
  0.36717621979696674        1.2932228640318748     
  0.38010844814822764        1.2014288111343900     
  0.39212273599103126        1.1064017012213545     
  0.40318675275594473        1.0083710194147533     
  0.41327046272470380       0.90757433347874861     
  0.42234620585663263       0.80425672010690130     
  0.43038877287793625       0.69867017100278650     
  0.43737547443179919       0.59107298018828713     
  0.44328620410156694       0.48172911402436325     
  0.44810349513413572       0.37090756547602621     
  0.45181257070599168       0.25888169419646567     
  0.45440138759009174       0.14592855404466723     
  0.45586067309792083        3.2328209686309922E-002
  0.45618395518755800       -8.1636956040850278E-002
  0.45536758564539676      -0.19568294228861327     
  0.45341075626624916      -0.30952483615539778     
  0.45031550797387937      -0.42287752268833001     
  0.44608673284151656      -0.53545639716546589     
  0.44073216898954576      -0.64697807788314121     
  0.43426238835532521      -0.75716111766774474     
  0.42669077734788646      -0.86572671232994591     
  0.41803351041809200      -0.97239940428259697     
  0.40830951659261422       -1.0769077795511757     
  0.39754043903781011       -1.1789851564177221     
  0.38575058773715659       -1.2783702639557442     
  0.37296688538333717       -1.3748079087344840     
  0.35921880660328587       -1.4680496279962034     
  0.34453831065145851       -1.5578543276397334     
  0.32895976772326874       -1.6439889033773403     
  0.31251987905695550       -1.7262288434699515     
  0.29525759100809817       -1.8043588114878495     
  0.27721400329652529       -1.8781732075899937     
  0.25843227164042976       -1.9474767068650711     
  0.23895750500707402       -2.0120847733310758     
  0.21883665772349925       -2.0718241482475652     
  0.19811841670411237       -2.1265333114555949     
  0.17685308406487366       -2.1760629145245503     
  0.15509245540601613       -2.2202761845525250     
  0.13288969405676127       -2.2590492975373824     
  0.11029920158632431       -2.2922717203089937     
   8.7376484895597031E-002  -2.3198465200892300     
   6.4178020213230838E-002  -2.3416906408248752     
   4.0761114328390732E-002  -2.3577351455195603     
   1.7183763400190000E-002  -2.3679254238738876     
  -6.4954903092762986E-003  -2.3722213646279133     
  -3.0217703425322637E-002  -2.3705974920868909     
  -5.3923677816321715E-002  -2.3630430663994146     
  -7.7554107952134577E-002  -2.3495621472466564     
 -0.10104972889943308       -2.3301736206919901     
 -0.12435146458551859       -2.3049111890317913     
 -0.14740057596064871       -2.2738233235802796     
 -0.17013880868821238       -2.2369731804137825     
 -0.19250853999234774       -2.1944384791924541     
 -0.21445292429377705       -2.1463113452700924     
 -0.23591603726673999       -2.0926981153949971     
 -0.25684301795293546       -2.0337191073965957     
 -0.27718020857232978       -1.9695083543435841     
 -0.29687529167554622       -1.9002133037493667     
 -0.31587742428830912       -1.8259944824894001     
 -0.33413736870506155       -1.7470251281824254     
 -0.35160761959639525       -1.6634907878732981     
 -0.36824252710330907       -1.5755888849389599     
 -0.38399841560052711       -1.4835282552208480     
 -0.39883369782114120       -1.3875286534664746     
 -0.41270898404566914       -1.2878202312398463     
 -0.42558718607021734       -1.1846429875346203     
 -0.43743361568077521       -1.0782461933952197     
 -0.44821607737372060      -0.96888779191937668     
 -0.45790495507635109      -0.85683377508054903     
 -0.46647329263563930      -0.74235753887020461     
 -0.47389686785841151      -0.62573921831791746     
 -0.48015425990172705      -0.50726500400141972     
 -0.48522690982835870      -0.38722644170905895     
 -0.48909917415889742      -0.26591971696338590     
 -0.49175837126909361      -0.14364492615671615     
 -0.49319482049855362       -2.0705336087356793E-002
 -0.49340187385479917       0.10259336628134079     
 -0.49237594021491715       0.22594383198794277     
 -0.49011650194554013       0.34903781429030711     
 -0.48662612388065307       0.47156693703795277     
 -0.48191045461567694       0.59322346528888070     
 -0.47597822009538393       0.71370107624991541     
 -0.46884120949240937       0.83269562861402580     
 -0.46051425339239110       0.94990592836727372     
 -0.45101519432103887        1.0650344891420476     
 -0.44036484966767214        1.1777882852020636     
 -0.42858696707890770        1.2878794951582513     
 -0.41570817241518870        1.3950262345330620     
 -0.40175791038167075        1.4989532753139088     
 -0.38676837796357383        1.5993927506643293     
 -0.37077445081442267        1.6960848429939861     
 -0.35381360276358731        1.7887784536257281     
 -0.33592581862715315        1.8772318523395373     
 -0.31715350052335178        1.9612133051191938     
 -0.29754136791052516        2.0405016784777983     
 -0.27713635158183486        2.1148870187927877     
 -0.25598748186662107        2.1841711051396264     
 -0.23414577130342509        2.2481679741758400     
 -0.21166409206417139        2.3067044156933050     
 -0.18859704842282696        2.3596204375265826     
 -0.16500084457497741        2.4067696985784210     
 -0.14093314812714813        2.4480199088001515     
 -0.11645294958632171        2.4832531950444134     
  -9.1620418190927921E-002   2.5123664317902623     
  -6.6496754434582958E-002   2.5352715358260252     
  -4.1144039643000049E-002   2.5518957240630913     
  -1.5625082972762279E-002   2.5621817337439312     
   9.9967337919847875E-003   2.5660880043998100     
   3.5657613262417523E-002   2.5635888210076749     
   6.1293500899487520E-002   2.5546744178913232     
   8.6840244507386519E-002   2.5393510430089554     
  0.11223375436988689        2.5176409823673667     
  0.13741016363082395        2.4895825444020501     
  0.16230598851837938        2.4552300042621833     
  0.18685828801221455        2.4146535080395437     
  0.21100482255289288        2.3679389370806421     
  0.23468421139442369        2.3151877326215002     
  0.25783608820315390        2.2565166810842947     
  0.28040125450962605        2.1920576604742776     
  0.30232183062440576        2.1219573484137353     
  0.32354140363424871        2.0463768924469887     
  0.34400517210131770        1.9654915433463551     
  0.36366008709545966        1.8794902522433043     
  0.38245498919779392        1.7885752325015485     
  0.40034074112303170        1.6929614873392338     
  0.41727035561801767        1.5928763042955540     
  0.43319911830493762        1.4885587177227295     
  0.44808470514944609        1.3802589405671839     
  0.46188729424660602        1.2682377667836908     
  0.47456967163096969        1.1527659458030357     
  0.48609733083133677        1.0341235305471579     
  0.49643856590566371       0.91259920055560417     
  0.50556455770723796       0.78848956185325492     
  0.51344945314952939       0.66209842525150753     
  0.52007043725405389       0.53373606483324765     
  0.52540779778308710       0.40371845842585419     
  0.52944498227710757       0.27236651191602723     
  0.53216864733538916       0.14000526930525473     
  0.53356869999714807        6.9631104451314818E-003
  0.53363833110004300      -0.12642906157260808     
  0.53237404051257597      -0.25983864136568230     
  0.52977565415699757      -0.39293214851895453     
  0.52584633275963522      -0.52537605909785179     
  0.52059257228608735      -0.65683763934936523     
  0.51402419603940830      -0.78698577951184934     
  0.50615433842019486      -0.91549182564936737     
  0.49699942036832956       -1.0420304074260582     
  0.48657911652698094       -1.1662802597409399     
  0.47491631419025548       -1.2879250361537125     
  0.46203706411659207       -1.4066541120474747     
  0.44797052331052900       -1.5221633754947894     
  0.43274888989581112       -1.6341560038191913     
  0.41640733022288151       -1.7423432238749712     
  0.39898389837357584       -1.8464450541038344     
  0.38051944824525014       -1.9461910264677320     
  0.36105753841558041       -2.0413208864027266     
  0.34064433000782390       -2.1315852689890553     
  0.31932847779437978       -2.2167463495875128     
  0.29716101479398610       -2.2965784672517207     
  0.27419523063479417       -2.3708687192897004     
  0.25048654397182762       -2.4394175254162138     
  0.22609236926291779       -2.5020391600094682     
  0.20107197822207243       -2.5585622510618080     
  0.17548635628333759       -2.6088302444937490     
  0.14939805442151910       -2.6527018325839768     
  0.12287103668860440       -2.6900513453545298     
   9.5970523836332436E-002  -2.7207691038400856     
   6.8762833406070867E-002  -2.7447617342628918     
   4.1315216676944003E-002  -2.7619524422301671     
   1.3695692871986812E-002  -2.7722812461685362     
  -1.4027118970045403E-002  -2.7757051693100023     
  -4.1784170042726970E-002  -2.7721983896458737     
  -6.9506153319551081E-002  -2.7617523473686791     
  -9.7123676175938117E-002  -2.7443758094271873     
 -0.12456743365679419       -2.7200948909259237     
 -0.15176838195806486       -2.6889530332077998     
 -0.17865791168911502       -2.6510109385663556     
 -0.20516802048223146       -2.6063464616424059     
 -0.23123148451609168       -2.5550544576683136     
 -0.25678202852167564       -2.4972465878313974     
 -0.28175449384181150       -2.4330510821358597     
 -0.30608500411934081       -2.3626124602498328     
 -0.32971112819375409       -2.2860912109303810     
 -0.35257203979207669       -2.2036634307243470     
 -0.37460867360676298       -2.1155204227464774     
 -0.39576387736137209       -2.0218682564380757     
 -0.41598255947383006       -1.9229272893092357     
 -0.43521183193711466       -1.8189316517652618     
 -0.45340114804820436       -1.7101286962129187     
 -0.47050243462808999       -1.5967784117344439     
 -0.48647021838852667       -1.4791528057065586     
 -0.50126174611497587       -1.3575352538277912     
 -0.51483709834982105       -1.2322198201000654     
 -0.52715929627539915       -1.1035105483894865     
 -0.53819440151264020      -0.97172072726636882     
 -0.54791160856810739      -0.83717212989560430     
 -0.55628332967994087      -0.70019423081527221     
 -0.56328527183158794      -0.56112340150376228     
 -0.56889650572120476      -0.42030208669346703     
 -0.57309952649419460      -0.27807796344212277     
 -0.57588030606646057      -0.13480308502101729     
 -0.57722833688653985        9.1669882776158895E-003
 -0.57713666700581268       0.15347406927373616     
 -0.57560192634737939       0.29775823280018687     
 -0.57262434408593166       0.44165871117060529     
 -0.56820775707294402       0.58481479399230030     
 -0.56235960926373729       0.72686673008542801     
 -0.55509094212535037       0.86745662925893319     
 -0.54641637602665272        1.0062293616884586     
 -0.53635408263467788        1.1428334526417823     
 -0.52492574836370320        1.2769219703033396     
 -0.51215652894608410        1.4081534044610142     
 -0.49807499521622078        1.5361925338356377     
 -0.48271307022123022        1.6607112798564820     
 -0.46610595779386332        1.7813895447144201     
 -0.44829206274489070        1.8979160315583159     
 -0.42931290285352480        2.0099890447395117     
 -0.40921301285539724        2.1173172680539203     
 -0.38803984064811531        2.2196205189811136     
 -0.36584363595442804        2.3166304769748010     
 -0.34267733170248726        2.4080913839190972     
 -0.31859641840154668        2.4937607149298602     
 -0.29365881180964704        2.5734098177499507     
 -0.26792471420734942        2.6468245190614161     
 -0.24145646960834666        2.7138056961161077     
 -0.21431841325376844        2.7741698121689513     
 -0.18657671575215420        2.8277494142847961     
 -0.15829922224135748        2.8743935921802559     
 -0.12955528696203195        2.9139683968560295     
 -0.10041560364479435        2.9463572178725910     
  -7.0952032124630596E-002   2.9714611182226736     
  -4.1237421606577174E-002   2.9891991258573558     
  -1.1345431016141685E-002   2.9995084810285682     
   1.8649653123701607E-002   3.0023448387192060     
   4.8673100839817296E-002   2.9976824255424939     
   7.8649924425208004E-002   2.9855141506045215     
  0.10850506526393880        2.9658516699377104     
  0.13816358130039641        2.9387254042280451     
  0.16755083468582055        2.9041845096749950     
  0.19659267913343467        2.8622968019398032     
  0.22521564651305950        2.8131486332549915     
  0.25334713221682170        2.7568447228852171     
  0.28091557882947105        2.6935079412466991     
  0.30785065763989211        2.6232790481090693     
  0.33408344753463426        2.5463163854193458     
  0.35954661081968164        2.4627955254025240     
  0.38417456552322921        2.3729088747067268     
  0.40790365373991000        2.2768652354726622     
  0.43067230558571756        2.1748893243170238     
  0.45242119834276218        2.0672212503271634     
  0.47309341038397384        1.9541159532695733     
  0.49263456947989065        1.8358426033171953     
  0.51099299510271978        1.7126839637000328     
  0.52811983435690546        1.5849357177797487     
  0.54396919118044218        1.4529057621416219     
  0.55849824847710861        1.3169134673861762     
  0.57166738285661722        1.1772889083877511     
  0.58344027167735013        1.0343720658680373     
  0.59378399210483035       0.88851200120892637     
  0.60266911191832173       0.74006600650074539     
  0.61006977181791155       0.58939873188884107     
  0.61596375900505906       0.43688129234339368     
  0.62033257183084245       0.28289035603409463     
  0.62316147532795252       0.12780721654276239     
  0.62443954746481301       -2.7983148807039643E-002
  0.62415971598299735      -0.18409303218391501     
  0.62231878570230625      -0.34013295769190011     
  0.61891745620141292      -0.49571265063999947     
  0.61396032980581339      -0.65044201123188194     
  0.60745590983887965      -0.80393209025256462     
  0.59941658911604678      -0.95579606431786013     
  0.58985862868650529       -1.1056502082473707     
  0.57880212685116361       -1.2531148621229051     
  0.56627097851002761       -1.3978153906013870     
  0.55229282491644982       -1.5393831320646083     
  0.53689899393988272       -1.6774563352075442     
  0.52012443096274796       -1.8116810806923580     
  0.50200762056076664       -1.9417121855266233     
  0.48259049913950691       -2.0672140878616290     
  0.46191835872294895       -2.1878617099498210     
  0.44003974211247593       -2.3033412970493883     
  0.41700632965681894       -2.4133512301185935     
  0.39287281789505901       -2.5176028102025940     
  0.36769679035576114       -2.6158210124810108     
  0.34153858081563260       -2.7077452080152851     
  0.31446112934070797       -2.7931298513106975     
  0.28652983145191419       -2.8717451318886860     
  0.25781238077491236       -2.9433775881505544     
  0.22837860555130299       -3.0078306819036436     
  0.19830029940456911       -3.0649253320153043     
  0.16765104676948026       -3.1145004057583572     
  0.13650604340804176       -3.1564131665139041     
  0.10494191244841604       -3.1905396766031275     
   7.3036516395525955E-002  -3.2167751541288228     
   4.0868765573243003E-002  -3.2350342828195808     
   8.5184234681337026E-003  -3.2452514739845197     
  -2.3934090546341262E-002  -3.2473810798039526     
  -5.6407900618534554E-002  -3.2413975573011093     
  -8.8821875467036834E-002  -3.2272955824616796     
 -0.12109483057029685       -3.2050901140912513     
 -0.15314573099481590       -3.1748164071253471     
 -0.18489389435644260       -3.1365299752324116     
 -0.21625919340769764       -3.0903065026764760     
 -0.24716225774372508       -3.0362417055329942     
 -0.27752467412040210       -2.9744511424781899     
 -0.30726918488034238       -2.9050699754988791     
 -0.33631988398599744       -2.8282526809957940     
 -0.36460241016379163       -2.7441727118786283     
 -0.39204413666920751       -2.6530221113750549     
 -0.41857435718996139       -2.5550110793984704     
 -0.44412446741285661       -2.4503674924399466     
 -0.46862814178955625       -2.3393363780684711     
 -0.49202150504735853       -2.2221793452397458     
 -0.51424329800306023       -2.0991739717272906     
 -0.53523503725113120       -1.9706131501000839     
 -0.55494116831166562       -1.8368043937781600     
 -0.57330921183888950       -1.6980691048012191     
 -0.59028990250735369       -1.5547418050451116     
 -0.60583732021029291       -1.4071693327167751     
 -0.61990901322293379       -1.2557100060495818     
 -0.63246611300275657       -1.1007327562078599     
 -0.64347344031880227      -0.94261623149135065     
 -0.65289960242302458      -0.78174787500733811     
 -0.66071708099836368      -0.61852297804994283     
 -0.66690231064061245      -0.45334371149239627     
 -0.67143574765420622      -0.28661813755885024     
 -0.67430192896573060      -0.11875920439723830     
 -0.67548952098315829        4.9816274076238704E-002
 -0.67499135825353074       0.21868865054743641     
 -0.67280447179693714       0.38743648633901095     
 -0.66893010702014588       0.55563760052865729     
 -0.66337373113905396       0.72287012354575553     
 -0.65614503006517044       0.88871355262362939     
 -0.64725789473757711        1.0527498064734260     
 -0.63673039690815081        1.2145642765409850     
 -0.62458475441421724        1.3737468722100143     
 -0.61084728599917348        1.5298930573234293     
 -0.59554835576789689        1.6826048754098475     
 -0.57872230738988995        1.8314919610239360     
 -0.56040738818902092        1.9761725346375456     
 -0.54064566328435448        2.1162743785532805     
 -0.51948291997184581        2.2514357913532761     
 -0.49696856256154814        2.3813065184434006     
 -0.47315549790937761        2.5055486563067593     
 -0.44810001190634380        2.6238375281401414     
 -0.42186163721141579        2.7358625286127736     
 -0.39450301253680098        2.8413279355582919     
 -0.36608973381630433        2.9399536864880349     
 -0.33669019760855484        3.0314761178964251     
 -0.30637543710717829        3.1156486654171607     
 -0.27521895114940842        3.1922425229819491     
 -0.24329652663311074        3.2610472592313955     
