   9.9999997764825821E-003   0.0000000000000000     
   1.9999999552965164E-002   9.9999997764825821E-003
   2.9999999329447746E-002   1.9999999552965164E-002
   3.9999999105930328E-002   2.9974999331124127E-002
   4.9999998882412910E-002   3.9899999112635851E-002
   5.9999998658895493E-002   4.9750061399169730E-002
   6.9999998435378075E-002   5.9500373692381189E-002
   7.9999998211860657E-002   6.9126310837654734E-002
   8.9999997988343239E-002   7.8603497055346999E-002
   9.9999997764825821E-002   8.7907867503670606E-002
  0.10999999754130840        9.7015729218140473E-002
  0.11999999731779099       0.10590382127367563     
  0.12999999709427357       0.11454937401700779     
  0.13999999687075615       0.12293016721899143     
  0.14999999664723873       0.13102458699873443     
  0.15999999642372131       0.13881168137416847     
  0.16999999620020390       0.14627121429674883     
  0.17999999597668648       0.15338371803140718     
  0.18999999575316906       0.16013054374667074     
  0.19999999552965164       0.16649391018399773     
  0.20999999530613422       0.17245695027985403     
  0.21999999508261681       0.17800375561885748     
  0.22999999485909939       0.18311941860143488     
  0.23999999463558197       0.18779007221485861     
  0.24999999441206455       0.19200292730224391     
  0.25999999418854713       0.19574630723007927     
  0.26999999396502972       0.19900967986111701     
  0.27999999374151230       0.20178368674595590     
  0.28999999351799488       0.20406016945338307     
  0.29999999329447746       0.20583219296649644     
  0.30999999307096004       0.20709406607878184     
  0.31999999284744263       0.20784135873165455     
  0.32999999262392521       0.20807091624247487     
  0.33999999240040779       0.20778087037969412     
  0.34999999217689037       0.20697064724956091     
  0.35999999195337296       0.20564097196669981     
  0.36999999172985554       0.20379387008884556     
  0.37999999150633812       0.20143266580405675     
  0.38999999128282070       0.19856197686682156     
  0.39999999105930328       0.19518770628758808     
  0.40999999083578587       0.19131703078837858     
  0.41999999061226845       0.18695838604526405     
  0.42999999038875103       0.18212144874655989     
  0.43999999016523361       0.17681711550363680     
  0.44999998994171619       0.17105747865920096     
  0.45999998971819878       0.16485579904576689     
  0.46999998949468136       0.15822647575480198     
  0.47999998927116394       0.15118501298464673     
  0.48999998904764652       0.14374798404278766     
  0.49999998882412910       0.13593299258536320     
  0.50999998860061169       0.12775863118389688     
  0.51999998837709427       0.11924443731615884     
  0.52999998815357685       0.11041084688473921     
  0.53999998793005943       0.10127914537335578     
  0.54999998770654202        9.1871416757099866E-002
  0.55999998748302460        8.2210490288729399E-002
  0.56999998725950718        7.2319885288733607E-002
  0.57999998703598976        6.2223754072203735E-002
  0.58999998681247234        5.1946823150534407E-002
  0.59999998658895493        4.1514332850638616E-002
  0.60999998636543751        3.0951975498671999E-002
  0.61999998614192009        2.0285832319218371E-002
  0.62999998591840267        9.5423092044772170E-003
  0.63999998569488525       -1.2519284887948633E-003
  0.64999998547136784       -1.2070021954011700E-002
  0.65999998524785042       -2.2884985598146463E-002
  0.66999998502433300       -3.3669774188745130E-002
  0.67999998480081558       -4.4397350317906023E-002
  0.68999998457729816       -5.5040752015357949E-002
  0.69999998435378075       -6.5573160341976897E-002
  0.70999998413026333       -7.5967966794708727E-002
  0.71999998390674591       -8.6198840353913994E-002
  0.72999998368322849       -9.6239794004622570E-002
  0.73999998345971107      -0.10606525056407982     
  0.74999998323619366      -0.11565010764928116     
  0.75999998301267624      -0.12496980161992602     
  0.76999998278915882      -0.13400037033437256     
  0.77999998256564140      -0.14271851455873577     
  0.78999998234212399      -0.15110165787223875     
  0.79999998211860657      -0.15912800491529494     
  0.80999998189508915      -0.16677659783055745     
  0.81999998167157173      -0.17402737075131566     
  0.82999998144805431      -0.18086120219613622     
  0.83999998122453690      -0.18725996523352756     
  0.84999998100101948      -0.19320657528564136     
  0.85999998077750206      -0.19868503544559929     
  0.86999998055398464      -0.20368047918893561     
  0.87999998033046722      -0.20817921036586273     
  0.88999998010694981      -0.21216874036758057     
  0.89999997988343239      -0.21563782236664961     
  0.90999997965991497      -0.21857648253851139     
  0.91999997943639755      -0.22097604817855596     
  0.92999997921288013      -0.22282917263668206     
  0.93999997898936272      -0.22412985699905777     
  0.94999997876584530      -0.22487346845474487     
  0.95999997854232788      -0.22505675529298280     
  0.96999997831881046      -0.22467785848521543     
  0.97999997809529305      -0.22373631981436767     
  0.98999997787177563      -0.22223308652241658     
  0.99999997764825821      -0.22017051245593405     
   1.0099999774247408      -0.21755235569798195     
   1.0199999772012234      -0.21438377268349601     
   1.0299999769777060      -0.21067130880407847     
   1.0399999767541885      -0.20642288551691146     
   1.0499999765306711      -0.20164778398127858     
   1.0599999763071537      -0.19635662525492298     
   1.0699999760836363      -0.19056134709115008     
   1.0799999758601189      -0.18427517738618443     
   1.0899999756366014      -0.17751260433478780     
   1.0999999754130840      -0.17028934336052007     
   1.1099999751895666      -0.16262230089525395     
   1.1199999749660492      -0.15452953509061784     
   1.1299999747425318      -0.14603021355191806     
   1.1399999745190144      -0.13714456819276175     
   1.1499999742954969      -0.12789384731604581     
   1.1599999740719795      -0.11830026503417505     
   1.1699999738484621      -0.10838694814830743     
   1.1799999736249447       -9.8177880613075461E-002
   1.1899999734014273       -8.7697845719585901E-002
   1.1999999731779099       -7.6972366135535888E-002
   1.2099999729543924       -6.6027641946987917E-002
   1.2199999727308750       -5.4890486851703432E-002
   1.2299999725073576       -4.3588262658930642E-002
   1.2399999722838402       -3.2148812255163084E-002
   1.2499999720603228       -2.0600391199619567E-002
   1.2599999718368053       -8.9715981170310505E-003
   1.2699999716132879        2.7086959412542400E-003
   1.2799999713897705        1.4411418993829455E-002
   1.2899999711662531        2.6107370306854255E-002
   1.2999999709427357        3.7767293074005080E-002
   1.3099999707192183        4.9361947418306497E-002
   1.3199999704957008        6.0862183534143730E-002
   1.3299999702721834        7.2239014786951813E-002
   1.3399999700486660        8.3463690587726416E-002
   1.3499999698251486        9.4507768859606989E-002
   1.3599999696016312       0.10534318791434603     
   1.3699999693781137       0.11594233755749812     
   1.3799999691545963       0.12627812924263737     
   1.3899999689310789       0.13632406509684045     
   1.3999999687075615       0.14605430564204960     
   1.4099999684840441       0.15544373603975206     
   1.4199999682605267       0.16446803068967222     
   1.4299999680370092       0.17310371601686519     
   1.4399999678134918       0.18132823128571474     
   1.4499999675899744       0.18911998728386795     
   1.4599999673664570       0.19645842272407188     
   1.4699999671429396       0.20332405821720195     
   1.4799999669194221       0.20969854767547780     
   1.4899999666959047       0.21556472701093388     
   1.4999999664723873       0.22090666000063688     
   1.5099999662488699       0.22570968119690379     
   1.5199999660253525       0.22996043576785735     
   1.5299999658018351       0.23364691616104369     
   1.5399999655783176       0.23675849549051045     
   1.5499999653548002       0.23928595755568668     
   1.5599999651312828       0.24122152340859646     
   1.5699999649077654       0.24255887439435930     
   1.5799999646842480       0.24329317159855926     
   1.5899999644607306       0.24342107164388138     
   1.5999999642372131       0.24294073878739725     
   1.6099999640136957       0.24185185327900782     
   1.6199999637901783       0.24015561595080065     
   1.6299999635666609       0.23785474901642500     
   1.6399999633431435       0.23495349306901187     
   1.6499999631196260       0.23145760027564000     
   1.6599999628961086       0.22737432377585368     
   1.6699999626725912       0.22271240330124567     
   1.6799999624490738       0.21748204704260909     
   1.6899999622255564       0.21169490980060945     
   1.6999999620020390       0.20536406746530880     
   1.7099999617785215       0.19850398787916537     
   1.7199999615550041       0.19113049814730990     
   1.7299999613314867       0.18326074846794105     
   1.7399999611079693       0.17491317256456443     
   1.7499999608844519       0.16610744481049894     
   1.7599999606609344       0.15686443414457010     
   1.7699999604374170       0.14720615488517899     
   1.7799999602138996       0.13715571455795741     
   1.7899999599903822       0.12673725885997444     
   1.7999999597668648       0.11597591389092494     
   1.8099999595433474       0.10489772578888949     
   1.8199999593198299        9.3529597915088053E-002
   1.8299999590963125        8.1899225738537626E-002
   1.8399999588727951        7.0035029577652216E-002
   1.8499999586492777        5.7966085361573425E-002
   1.8599999584257603        4.5722053579377524E-002
   1.8699999582022429        3.3333106590255901E-002
   1.8799999579787254        2.0829854472295677E-002
   1.8899999577552080        8.2432695915850753E-003
   1.8999999575316906       -4.3953899229783478E-003
   1.9099999573081732       -1.7054657610599478E-002
   1.9199999570846558       -2.9702936823904385E-002
   1.9299999568611383       -4.2308579395088801E-002
   1.9399999566376209       -5.4839964627533017E-002
   1.9499999564141035       -6.7265578416217858E-002
   1.9599999561905861       -7.9554092299462711E-002
   1.9699999559670687       -9.1674442244184542E-002
   1.9799999557435513      -0.10359590696704858     
   1.9899999555200338      -0.11528818559454757     
   1.9999999552965164      -0.12672147446620668     
   2.0099999550729990      -0.13786654288676389     
   2.0199999548494816      -0.14869480763531781     
   2.0299999546259642      -0.15917840604206260     
   2.0399999544024467      -0.16929026744633704     
   2.0499999541789293      -0.17900418285329589     
   2.0599999539554119      -0.18829487261055855     
   2.0699999537318945      -0.19713805193069325     
   2.0799999535083771      -0.20551049409034516     
   2.0899999532848597      -0.21339009114220223     
   2.0999999530613422      -0.22075591198180100     
   2.1099999528378248      -0.22758825761739249     
   2.1199999526143074      -0.23386871349770086     
   2.1299999523907900      -0.23958019875940073     
   2.1399999521672726      -0.24470701226349320     
   2.1499999519437551      -0.24923487529746235     
   2.1599999517202377      -0.25315097082812094     
   2.1699999514967203      -0.25644397919839002     
   2.1799999512732029      -0.25910411016988061     
   2.1899999510496855      -0.26112313122203507     
   2.1999999508261681      -0.26249439202772196     
   2.2099999506026506      -0.26321284503453657     
   2.2199999503791332      -0.26327506209061791     
   2.2299999501556158      -0.26267924706352924     
   2.2399999499320984      -0.26142524441063730     
   2.2499999497085810      -0.25951454366944321     
   2.2599999494850636      -0.25695027984643909     
   2.2699999492615461      -0.25373722969326434     
   2.2799999490380287      -0.24988180386918996     
   2.2899999488145113      -0.24539203499923976     
   2.2999999485909939      -0.24027756164754305     
   2.3099999483674765      -0.23454960823577292     
   2.3199999481439590      -0.22822096094673705     
   2.3299999479204416      -0.22130593966332471     
   2.3399999476969242      -0.21382036600305121     
   2.3499999474734068      -0.20578152751835227     
   2.3599999472498894      -0.19720813814254198     
   2.3699999470263720      -0.18812029497093369     
   2.3799999468028545      -0.17853943147600876     
   2.3899999465793371      -0.16848826726468058     
   2.3999999463558197      -0.15799075449461572     
   2.4099999461323023      -0.14707202107521919     
   2.4199999459087849      -0.13575831078724296     
   2.4299999456852674      -0.12407692046301527     
   2.4399999454617500      -0.11205613437699165     
   2.4499999452382326       -9.9725156003677165E-002
   2.4599999450147152       -8.7114037306943448E-002
   2.4699999447911978       -7.4253605731345693E-002
   2.4799999445676804       -6.1175389072216327E-002
   2.4899999443441629       -4.7911538407057086E-002
   2.4999999441206455       -3.4494749276054185E-002
   2.5099999438971281       -2.0958181304388174E-002
   2.5199999436736107       -7.3353764633871180E-003
   2.5299999434500933        6.3398238285326501E-003
   2.5399999432265759        2.0033362560791093E-002
   2.5499999430030584        3.3711051734186731E-002
   2.5599999427795410        4.7338657503419299E-002
   2.5699999425560236        6.0881985647083900E-002
   2.5799999423325062        7.4306967152280468E-002
   2.5899999421089888        8.7579743700163415E-002
   2.5999999418854713       0.10066675283847011     
   2.6099999416619539       0.11353481262731420     
   2.6199999414384365       0.12615120554531251     
   2.6299999412149191       0.13848376144443103     
   2.6399999409914017       0.15050093934378475     
   2.6499999407678843       0.16217190785500418     
   2.6599999405443668       0.17346662403468394     
   2.6699999403208494       0.18435591046285030     
   2.6799999400973320       0.19481153035031634     
   2.6899999398738146       0.20480626048222866     
   2.6999999396502972       0.21431396181003706     
   2.7099999394267797       0.22330964750952878     
   2.7199999392032623       0.23176954832844684     
   2.7299999389797449       0.23967117505354790     
   2.7399999387562275       0.24699337793373011     
   2.7499999385327101       0.25371640290306380     
   2.7599999383091927       0.25982194445516682     
   2.7699999380856752       0.26529319502836718     
   2.7799999378621578       0.27011489076946699     
   2.7899999376386404       0.27427335355264471     
   2.7999999374151230       0.27775652913908644     
   2.8099999371916056       0.28055402137229901     
   2.8199999369680882       0.28265712231370554     
   2.8299999367445707       0.28405883823303574     
   2.8399999365210533       0.28475391137817102     
   2.8499999362975359       0.28473883745946976     
   2.8599999360740185       0.28401187879414680     
   2.8699999358505011       0.28257307306699725     
   2.8799999356269836       0.28042423767460312     
   2.8899999354034662       0.27756896963112149     
   2.8999999351799488       0.27401264102479322     
   2.9099999349564314       0.26976239002540786     
   2.9199999347329140       0.26482710745408383     
   2.9299999345093966       0.25921741893784456     
   2.9399999342858791       0.25294566268256685     
   2.9499999340623617       0.24602586290891432     
   2.9599999338388443       0.23847369900682425     
   2.9699999336153269       0.23030647047495742     
   2.9799999333918095       0.22154305772222505     
   2.9899999331682920       0.21220387881904404     
   2.9999999329447746       0.20231084229631685     
   3.0099999327212572       0.19188729610025768     
   3.0199999324977398       0.18095797282106771     
   3.0299999322742224       0.16954893132307217     
   3.0399999320507050       0.15768749491324757     
   3.0499999318271875       0.14540218619406386     
   3.0599999316036701       0.13272265875521999     
   3.0699999313801527       0.11967962586714093     
   3.0799999311566353       0.10630478634700673     
   3.0899999309331179        9.2630747775579919E-002
   3.0999999307096004        7.8690947250166079E-002
   3.1099999304860830        6.4519569865665580E-002
   3.1199999302625656        5.0151465121834063E-002
   3.1299999300390482        3.5622061460549005E-002
   3.1399999298155308        2.0967279142064227E-002
   3.1499999295920134        6.2234416739091521E-003
   3.1599999293684959       -8.5728139897578073E-003
   3.1699999291449785       -2.3384628256914015E-002
   3.1799999289214611       -3.8175010490053916E-002
   3.1899999286979437       -5.2906931155164968E-002
   3.1999999284744263       -6.7543414298317284E-002
   3.2099999282509089       -8.2047630119494494E-002
   3.2199999280273914       -9.6382987412474475E-002
   3.2299999278038740      -0.11051322563932525     
   3.2399999275803566      -0.12440250640841648     
   3.2499999273568392      -0.13801550412576022     
   3.2599999271333218      -0.15131749559098598     
   3.2699999269098043      -0.16427444831132176     
   3.2799999266862869      -0.17685310730959114     
   3.2899999264627695      -0.18902108020544131     
   3.2999999262392521      -0.20074692035278238     
   3.3099999260157347      -0.21200020782073459     
   3.3199999257922173      -0.22275162801024007     
   3.3299999255686998      -0.23297304770388658     
   3.3399999253451824      -0.24263758835240190     
   3.3499999251216650      -0.25171969640769432     
   3.3599999248981476      -0.26019521051922256     
   3.3699999246746302      -0.26804142541786347     
   3.3799999244511127      -0.27523715231928536     
   3.3899999242275953      -0.28176277568711855     
   3.3999999240040779      -0.28760030620491367     
   3.4099999237805605      -0.29273342981498046     
   3.4199999235570431      -0.29714755269167681     
   3.4299999233335257      -0.30082984202655122     
   3.4399999231100082      -0.30376926251290526     
   3.4499999228864908      -0.30595660842781325     
   3.4599999226629734      -0.30738453122038784     
   3.4699999224394560      -0.30804756252608623     
   3.4799999222159386      -0.30794213253808655     
   3.4899999219924212      -0.30706658367819867     
   3.4999999217689037      -0.30542117952138076     
   3.5099999215453863      -0.30300810893968472     
   3.5199999213218689      -0.29983148544331872     
   3.5299999210983515      -0.29589734170846732     
   3.5399999208748341      -0.29121361929351636     
   3.5499999206513166      -0.28579015355736337     
   3.5599999204277992      -0.27963865380552222     
   3.5699999202042818      -0.27277267870172722     
   3.5799999199807644      -0.26520760699467044     
   3.5899999197572470      -0.25696060362134410     
   3.5999999195337296      -0.24805058126017032     
   3.6099999193102121      -0.23849815741866076     
   3.6199999190866947      -0.22832560715172259     
   3.6299999188631773      -0.21755681151789202     
   3.6399999186396599      -0.20621720189169951     
   3.6499999184161425      -0.19433370026102614     
   3.6599999181926250      -0.18193465564867009     
   3.6699999179691076      -0.16904977680737998     
   3.6799999177455902      -0.15571006134730098     
   3.6899999175220728      -0.14194772146409629     
   3.6999999172985554      -0.12779610644492531     
   3.7099999170750380      -0.11328962213795798     
   3.7199999168515205       -9.8463647579160679E-002
   3.7299999166280031       -8.3354448977679574E-002
   3.7399999164044857       -6.7999091268254735E-002
   3.7499999161809683       -5.2435347445701289E-002
   3.7599999159574509       -3.6701605902576692E-002
   3.7699999157339334       -2.0836775996697952E-002
   3.7799999155104160       -4.8801920801644916E-003
   3.7899999152868986        1.1128483774032021E-002
   3.7999999150633812        2.7149360107883540E-002
   3.8099999148398638        4.3142415233543688E-002
   3.8199999146163464        5.9067596961968297E-002
   3.8299999143928289        7.4884922657130593E-002
   3.8399999141693115        9.0554579366489280E-002
   3.8499999139457941       0.10603702377757418     
   3.8599999137222767       0.12129308175036313     
   3.8699999134987593       0.13628404717555870     
   3.8799999132752419       0.15097177990993391     
   3.8899999130517244       0.16531880254160117     
   3.8999999128282070       0.17928839574036601     
   3.9099999126046896       0.19284469195125264     
   3.9199999123811722       0.20595276719282540     
   3.9299999121576548       0.21857873072607212     
   3.9399999119341373       0.23068981236435379     
   3.9499999117106199       0.24225444720024836     
   3.9599999114871025       0.25324235753101365     
   3.9699999112635851       0.26362463177085232     
   3.9799999110400677       0.27337380014516555     
   3.9899999108165503       0.28246390696951396     
   3.9999999105930328       0.29087057932405136     
   4.0099999103695154       0.29857109194273279     
   4.0199999101459980       0.30554442814561139     
   4.0299999099224806       0.31177133665200107     
   4.0399999096989632       0.31723438412217397     
   4.0499999094754457       0.32191800328556003     
   4.0599999092519283       0.32580853652409436     
   4.0699999090284109       0.32889427479039196     
   4.0799999088048935       0.33116549175179127     
   4.0899999085813761       0.33261447306297137     
   4.0999999083578587       0.33323554068178263     
   4.1099999081343412       0.33302507215510901     
   4.1199999079108238       0.33198151481397292     
   4.1299999076873064       0.33010539482966750     
   4.1399999074637890       0.32739932109542896     
   4.1499999072402716       0.32386798391100841     
   4.1599999070167542       0.31951814846043902     
   4.1699999067932367       0.31435864308628719     
   4.1799999065697193       0.30840034237669323     
   4.1899999063462019       0.30165614509451583     
   4.1999999061226845       0.29414094699086313     
   4.2099999058991671       0.28587160855818683     
   4.2199999056756496       0.27686691779090622     
   4.2299999054521322       0.26714754803417873     
   4.2399999052286148       0.25673601101391630     
   4.2499999050050974       0.24565660515342447     
   4.2599999047815800       0.23393535929409034     
   4.2699999045580626       0.22159997194932693     
   4.2799999043345451       0.20867974623247260     
   4.2899999041110277       0.19520552061051066     
   4.2999999038875103       0.18120959564628933     
   4.3099999036639929       0.16672565690235763     
   4.3199999034404755       0.15178869418956198     
   4.3299999032169580       0.13643491735314348     
   4.3399999029934406       0.12070166879821476     
   4.3499999027699232       0.10462733296515098     
   4.3599999025464058        8.8251242973581126E-002
   4.3699999023228884        7.1613584661291418E-002
   4.3799999020993710        5.4755298251430592E-002
   4.3899999018758535        3.7717977887919980E-002
   4.3999999016523361        2.0543769284900173E-002
   4.4099999014288187        3.2752657413758768E-003
   4.4199999012053013       -1.4044597223064725E-002
   4.4299999009817839       -3.1372648351492727E-002
   4.4399999007582664       -4.8665587988432672E-002
   4.4499999005347490       -6.5880096008000044E-002
   4.4599999003112316       -8.2972940063035142E-002
   4.4699999000877142       -9.9901083885412911E-002
   4.4799998998641968      -0.11662179536690605     
   4.4899998996406794      -0.13309275414985047     
   4.4999998994171619      -0.14927215845741112     
   4.5099998991936445      -0.16511883089447144     
   4.5199998989701271      -0.18059232295207067     
   4.5299998987466097      -0.19565301795088721     
   4.5399998985230923      -0.21026223216250634     
   4.5499998982995749      -0.22438231385111415     
   4.5599998980760574      -0.23797673998281435     
   4.5699998978525400      -0.25101021035496346     
   4.5799998976290226      -0.26344873890375148     
   4.5899998974055052      -0.27525974195470465     
   4.5999998971819878      -0.28641212318784115     
   4.6099998969584703      -0.29687635509685356     
   4.6199998967349529      -0.30662455672990541     
   4.6299998965114355      -0.31563056750839363     
   4.6399998962879181      -0.32387001692932510     
   4.6499998960644007      -0.33132038996676005     
   4.6599998958408833      -0.33796108799806696     
   4.6699998956173658      -0.34377348509148492     
   4.6799998953938484      -0.34874097950267779     
   4.6899998951703310      -0.35284904023956165     
   4.6999998949468136      -0.35608524856666363     
   4.7099998947232962      -0.35843933433260067     
   4.7199998944997787      -0.35990320701691669     
   4.7299998942762613      -0.36047098140545991     
   4.7399998940527439      -0.36013899781668318     
   4.7499998938292265      -0.35890583681467852     
   4.7599998936057091      -0.35677232835838085     
   4.7699998933821917      -0.35374155535015733     
   4.7799998931586742      -0.34981885156091030     
   4.7899998929351568      -0.34501179392282155     
   4.7999998927116394      -0.33933018919492586     
   4.8099998924881220      -0.33278605502078118     
   4.8199998922646046      -0.32539359541157226     
   4.8299998920410872      -0.31716917070200312     
   4.8399998918175697      -0.30813126204027064     
   4.8499998915940523      -0.29830043048722954     
   4.8599998913705349      -0.28769927081352414     
   4.8699998911470175      -0.27635236009693831     
   4.8799998909235001      -0.26428620123547159     
   4.8899998906999826      -0.25152916150464733     
   4.8999998904764652      -0.23811140630027067     
   4.9099998902529478      -0.22406482822024296     
   4.9199998900294304      -0.20942297165107560     
   4.9299998898059130      -0.19422095303639880     
   4.9399998895823956      -0.17849537701599916     
   4.9499998893588781      -0.16228424863471441     
   4.9599998891353607      -0.14562688183083808     
   4.9699998889118433      -0.12856380442351165     
   4.9799998886883259      -0.11113665982788319     
   4.9899998884648085       -9.3388105735564081E-002
   4.9999998882412910       -7.5361710006095747E-002
   5.0099998880177736       -5.7101844022725438E-002
   5.0199998877942562       -3.8653573772762219E-002
   5.0299998875707388       -2.0062548919123811E-002
   5.0399998873472214       -1.3748901353733724E-003
   5.0499998871237040        1.7362925018432711E-002
   5.0599998869001865        3.6104177397423567E-002
   5.0699998866766691        5.4802022465808800E-002
   5.0799998864531517        7.3409607094735430E-002
   5.0899998862296343        9.1880186673622147E-002
   5.0999998860061169       0.11016724224297619     
   5.1099998857825994       0.12822459735591460     
   5.1199998855590820       0.14600653437555772     
   5.1299998853355646       0.16346790991614124     
   5.1399998851120472       0.18056426913710338     
   5.1499998848885298       0.19725195860154413     
   5.1599998846650124       0.21348823741332174     
   5.1699998844414949       0.22923138635064011     
   5.1799998842179775       0.24444081471828435     
   5.1899998839944601       0.25907716464567060     
   5.1999998837709427       0.27310241256357953     
   5.2099998835474253       0.28647996759882843     
   5.2199998833239079       0.29917476663318993     
   5.2299998831003904       0.31115336578057101     
   5.2399998828768730       0.32238402804480448     
   5.2499998826533556       0.33283680692936063     
   5.2599998824298382       0.34248362577983399     
   5.2699998822063208       0.35129835265018133     
   5.2799998819828033       0.35925687049435462     
   5.2899998817592859       0.36633714249616312     
   5.2999998815357685       0.37251927236188581     
   5.3099998813122511       0.37778555941230946     
   5.3199998810887337       0.38212054832346065     
   5.3299998808652163       0.38551107337830193     
   5.3399998806416988       0.38794629710503986     
   5.3499998804181814       0.38941774319141625     
   5.3599998801946640       0.38991932357838643     
   5.3699998799711466       0.38944735965089888     
   5.3799998797476292       0.38800059745804222     
   5.3899998795241117       0.38558021690958244     
   5.3999998793005943       0.38218983491084002     
   5.4099998790770769       0.37783550241291558     
   5.4199998788535595       0.37252569537042712     
   5.4299998786300421       0.36627129961413274     
   5.4399998784065247       0.35908558966104531     
   5.4499998781830072       0.35098420149985654     
   5.4599998779594898       0.34198509940464611     
   5.4699998777359724       0.33210853684491159     
   5.4799998775124550       0.32137701157488524     
   5.4899998772889376       0.30981521499986264     
   5.4999998770654202       0.29744997593181949     
   5.5099998768419027       0.28431019886090125     
   5.5199998766183853       0.27042679688339610     
   5.5299998763948679       0.25583261944051283     
   5.5399998761713505       0.24056237503564362     
   5.5499998759478331       0.22465254911076465     
   5.5599998757243156       0.20814131727518151     
   5.5699998755007982       0.19106845409192832     
   5.5799998752772808       0.17347523763874878     
   5.5899998750537634       0.15540435007169301     
   5.5999998748302460       0.13689977442992773     
   5.6099998746067286       0.11800668793035100     
   5.6199998743832111        9.8771352009999203E-002
   5.6299998741596937        7.9240999383009797E-002
   5.6399998739361763        5.9463718387033945E-002
   5.6499998737126589        3.9488334901456437E-002
   5.6599998734891415        1.9364292126556937E-002
   5.6699998732656240       -8.5847148118304087E-004
   5.6799998730421066       -2.1129645817075285E-002
   5.6899998728185892       -4.1398673974360520E-002
   5.6999998725950718       -6.1614878019464484E-002
   5.7099998723715544       -8.1727585384259213E-002
   5.7199998721480370      -0.10168625556089128     
   5.7299998719245195      -0.12144060678319646     
   5.7399998717010021      -0.14094074237796375     
   5.7499998714774847      -0.16013727646934509     
   5.7599998712539673      -0.17898145872053287     
   5.7699998710304499      -0.19742529779844403     
   5.7799998708069324      -0.21542168324955660     
   5.7899998705834150      -0.23292450547823704     
   5.7999998703598976      -0.24988877352286884     
   5.8099998701363802      -0.26627073032983639     
   5.8199998699128628      -0.28202796523092399     
   5.8299998696893454      -0.29711952333594510     
   5.8399998694658279      -0.31150601155940799     
   5.8499998692423105      -0.32514970100773671     
   5.8599998690187931      -0.33801462546198041     
   5.8699998687952757      -0.35006667570004307     
   5.8799998685717583      -0.36127368941222687     
   5.8899998683482409      -0.37160553647428357     
   5.8999998681247234      -0.38103419935318517     
   5.9099998679012060      -0.38953384843243122     
   5.9199998676776886      -0.39708091205587820     
   5.9299998674541712      -0.40365414110177789     
   5.9399998672306538      -0.40923466791191515     
   5.9499998670071363      -0.41380605941440984     
   5.9599998667836189      -0.41735436429286027     
   5.9699998665601015      -0.41986815406902112     
   5.9799998663365841      -0.42133855798109277     
   5.9899998661130667      -0.42175929155491582     
   5.9999998658895493      -0.42112667878087434     
   6.0099998656660318      -0.41943966782508085     
   6.0199998654425144      -0.41669984021939976     
   6.0299998652189970      -0.41291141349103200     
   6.0399998649954796      -0.40808123720868561     
   6.0499998647719622      -0.40221878243875808     
   6.0599998645484447      -0.39533612462141543     
   6.0699998643249273      -0.38744791989292737     
   6.0799998641014099      -0.37857137489706799     
   6.0899998638778925      -0.36872621014477702     
   6.0999998636543751      -0.35793461699755202     
   6.1099998634308577      -0.34622120836617343     
   6.1199998632073402      -0.33361296323230327     
   6.1299998629838228      -0.32013916511621093     
   6.1399998627603054      -0.30583133462932194     
   6.1499998625367880      -0.29072315626542078     
   6.1599998623132706      -0.27485039959912561     
   6.1699998620897532      -0.25825083507465774     
   6.1799998618662357      -0.24096414458190898     
   6.1899998616427183      -0.22303182703033539     
   6.1999998614192009      -0.20449709914423686     
   6.2099998611956835      -0.18540479171548824     
   6.2199998609721661      -0.16580124156173334     
   6.2299998607486486      -0.14573417944941033     
   6.2399998605251312      -0.12525261425171272     
   6.2499998603016138      -0.10440671362167865     
   6.2599998600780964       -8.3247681470013365E-002
   6.2699998598545790       -6.1827632545962241E-002
   6.2799998596310616       -4.0199464427539744E-002
   6.2899998594075441       -1.8416727234662110E-002
   6.2999998591840267        3.4665086147917315E-003
   6.3099998589605093        2.5395786280273999E-002
   6.3199998587369919        4.7316397674606700E-002
   6.3299998585134745        6.9173519606076914E-002
   6.3399998582899570        9.0912350548648629E-002
   6.3499998580664396       0.11247824769993589     
   6.3599998578429222       0.13381686398501177     
   6.3699998576194048       0.15487428466340825     
   6.3799998573958874       0.17559716319679738     
   6.3899998571723700       0.19593285603583654     
   6.3999998569488525       0.21582955598650824     
   6.4099998567253351       0.23523642381898754     
   6.4199998565018177       0.25410371778562141     
   6.4299998562783003       0.27238292071899750     
   6.4399998560547829       0.29002686438630787     
   6.4499998558312654       0.30698985078226193     
   6.4599998556077480       0.32322777004966324     
   6.4699998553842306       0.33869821472441769     
   6.4799998551607132       0.35336059001017150     
   6.4899998549371958       0.36717621979696674     
   6.4999998547136784       0.38010844814822764     
   6.5099998544901609       0.39212273599103126     
   6.5199998542666435       0.40318675275594473     
   6.5299998540431261       0.41327046272470380     
   6.5399998538196087       0.42234620585663263     
   6.5499998535960913       0.43038877287793625     
   6.5599998533725739       0.43737547443179919     
   6.5699998531490564       0.44328620410156694     
   6.5799998529255390       0.44810349513413572     
   6.5899998527020216       0.45181257070599168     
   6.5999998524785042       0.45440138759009174     
   6.6099998522549868       0.45586067309792083     
   6.6199998520314693       0.45618395518755800     
   6.6299998518079519       0.45536758564539676     
   6.6399998515844345       0.45341075626624916     
   6.6499998513609171       0.45031550797387937     
   6.6599998511373997       0.44608673284151656     
   6.6699998509138823       0.44073216898954576     
   6.6799998506903648       0.43426238835532521     
   6.6899998504668474       0.42669077734788646     
   6.6999998502433300       0.41803351041809200     
   6.7099998500198126       0.40830951659261422     
   6.7199998497962952       0.39754043903781011     
   6.7299998495727777       0.38575058773715659     
   6.7399998493492603       0.37296688538333717     
   6.7499998491257429       0.35921880660328587     
   6.7599998489022255       0.34453831065145851     
   6.7699998486787081       0.32895976772326874     
   6.7799998484551907       0.31251987905695550     
   6.7899998482316732       0.29525759100809817     
   6.7999998480081558       0.27721400329652529     
   6.8099998477846384       0.25843227164042976     
   6.8199998475611210       0.23895750500707402     
   6.8299998473376036       0.21883665772349925     
   6.8399998471140862       0.19811841670411237     
   6.8499998468905687       0.17685308406487366     
   6.8599998466670513       0.15509245540601613     
   6.8699998464435339       0.13288969405676127     
   6.8799998462200165       0.11029920158632431     
   6.8899998459964991        8.7376484895597031E-002
   6.8999998457729816        6.4178020213230838E-002
   6.9099998455494642        4.0761114328390732E-002
   6.9199998453259468        1.7183763400190000E-002
   6.9299998451024294       -6.4954903092762986E-003
   6.9399998448789120       -3.0217703425322637E-002
   6.9499998446553946       -5.3923677816321715E-002
   6.9599998444318771       -7.7554107952134577E-002
   6.9699998442083597      -0.10104972889943308     
   6.9799998439848423      -0.12435146458551859     
   6.9899998437613249      -0.14740057596064871     
   6.9999998435378075      -0.17013880868821238     
   7.0099998433142900      -0.19250853999234774     
   7.0199998430907726      -0.21445292429377705     
   7.0299998428672552      -0.23591603726673999     
   7.0399998426437378      -0.25684301795293546     
   7.0499998424202204      -0.27718020857232978     
   7.0599998421967030      -0.29687529167554622     
   7.0699998419731855      -0.31587742428830912     
   7.0799998417496681      -0.33413736870506155     
   7.0899998415261507      -0.35160761959639525     
   7.0999998413026333      -0.36824252710330907     
   7.1099998410791159      -0.38399841560052711     
   7.1199998408555984      -0.39883369782114120     
   7.1299998406320810      -0.41270898404566914     
   7.1399998404085636      -0.42558718607021734     
   7.1499998401850462      -0.43743361568077521     
   7.1599998399615288      -0.44821607737372060     
   7.1699998397380114      -0.45790495507635109     
   7.1799998395144939      -0.46647329263563930     
   7.1899998392909765      -0.47389686785841151     
   7.1999998390674591      -0.48015425990172705     
   7.2099998388439417      -0.48522690982835870     
   7.2199998386204243      -0.48909917415889742     
   7.2299998383969069      -0.49175837126909361     
   7.2399998381733894      -0.49319482049855362     
   7.2499998379498720      -0.49340187385479917     
   7.2599998377263546      -0.49237594021491715     
   7.2699998375028372      -0.49011650194554013     
   7.2799998372793198      -0.48662612388065307     
   7.2899998370558023      -0.48191045461567694     
   7.2999998368322849      -0.47597822009538393     
   7.3099998366087675      -0.46884120949240937     
   7.3199998363852501      -0.46051425339239110     
   7.3299998361617327      -0.45101519432103887     
   7.3399998359382153      -0.44036484966767214     
   7.3499998357146978      -0.42858696707890770     
   7.3599998354911804      -0.41570817241518870     
   7.3699998352676630      -0.40175791038167075     
   7.3799998350441456      -0.38676837796357383     
   7.3899998348206282      -0.37077445081442267     
   7.3999998345971107      -0.35381360276358731     
   7.4099998343735933      -0.33592581862715315     
   7.4199998341500759      -0.31715350052335178     
   7.4299998339265585      -0.29754136791052516     
   7.4399998337030411      -0.27713635158183486     
   7.4499998334795237      -0.25598748186662107     
   7.4599998332560062      -0.23414577130342509     
   7.4699998330324888      -0.21166409206417139     
   7.4799998328089714      -0.18859704842282696     
   7.4899998325854540      -0.16500084457497741     
   7.4999998323619366      -0.14093314812714813     
   7.5099998321384192      -0.11645294958632171     
   7.5199998319149017       -9.1620418190927921E-002
   7.5299998316913843       -6.6496754434582958E-002
   7.5399998314678669       -4.1144039643000049E-002
   7.5499998312443495       -1.5625082972762279E-002
   7.5599998310208321        9.9967337919847875E-003
   7.5699998307973146        3.5657613262417523E-002
   7.5799998305737972        6.1293500899487520E-002
   7.5899998303502798        8.6840244507386519E-002
   7.5999998301267624       0.11223375436988689     
   7.6099998299032450       0.13741016363082395     
   7.6199998296797276       0.16230598851837938     
   7.6299998294562101       0.18685828801221455     
   7.6399998292326927       0.21100482255289288     
   7.6499998290091753       0.23468421139442369     
   7.6599998287856579       0.25783608820315390     
   7.6699998285621405       0.28040125450962605     
   7.6799998283386230       0.30232183062440576     
   7.6899998281151056       0.32354140363424871     
   7.6999998278915882       0.34400517210131770     
   7.7099998276680708       0.36366008709545966     
   7.7199998274445534       0.38245498919779392     
   7.7299998272210360       0.40034074112303170     
   7.7399998269975185       0.41727035561801767     
   7.7499998267740011       0.43319911830493762     
   7.7599998265504837       0.44808470514944609     
   7.7699998263269663       0.46188729424660602     
   7.7799998261034489       0.47456967163096969     
   7.7899998258799314       0.48609733083133677     
   7.7999998256564140       0.49643856590566371     
   7.8099998254328966       0.50556455770723796     
   7.8199998252093792       0.51344945314952939     
   7.8299998249858618       0.52007043725405389     
   7.8399998247623444       0.52540779778308710     
   7.8499998245388269       0.52944498227710757     
   7.8599998243153095       0.53216864733538916     
   7.8699998240917921       0.53356869999714807     
   7.8799998238682747       0.53363833110004300     
   7.8899998236447573       0.53237404051257597     
   7.8999998234212399       0.52977565415699757     
   7.9099998231977224       0.52584633275963522     
   7.9199998229742050       0.52059257228608735     
   7.9299998227506876       0.51402419603940830     
   7.9399998225271702       0.50615433842019486     
   7.9499998223036528       0.49699942036832956     
   7.9599998220801353       0.48657911652698094     
   7.9699998218566179       0.47491631419025548     
   7.9799998216331005       0.46203706411659207     
   7.9899998214095831       0.44797052331052900     
   7.9999998211860657       0.43274888989581112     
   8.0099998209625483       0.41640733022288151     
   8.0199998207390308       0.39898389837357584     
   8.0299998205155134       0.38051944824525014     
   8.0399998202919960       0.36105753841558041     
   8.0499998200684786       0.34064433000782390     
   8.0599998198449612       0.31932847779437978     
   8.0699998196214437       0.29716101479398610     
   8.0799998193979263       0.27419523063479417     
   8.0899998191744089       0.25048654397182762     
   8.0999998189508915       0.22609236926291779     
   8.1099998187273741       0.20107197822207243     
   8.1199998185038567       0.17548635628333759     
   8.1299998182803392       0.14939805442151910     
   8.1399998180568218       0.12287103668860440     
   8.1499998178333044        9.5970523836332436E-002
   8.1599998176097870        6.8762833406070867E-002
   8.1699998173862696        4.1315216676944003E-002
   8.1799998171627522        1.3695692871986812E-002
   8.1899998169392347       -1.4027118970045403E-002
   8.1999998167157173       -4.1784170042726970E-002
   8.2099998164921999       -6.9506153319551081E-002
   8.2199998162686825       -9.7123676175938117E-002
   8.2299998160451651      -0.12456743365679419     
   8.2399998158216476      -0.15176838195806486     
   8.2499998155981302      -0.17865791168911502     
   8.2599998153746128      -0.20516802048223146     
   8.2699998151510954      -0.23123148451609168     
   8.2799998149275780      -0.25678202852167564     
   8.2899998147040606      -0.28175449384181150     
   8.2999998144805431      -0.30608500411934081     
   8.3099998142570257      -0.32971112819375409     
   8.3199998140335083      -0.35257203979207669     
   8.3299998138099909      -0.37460867360676298     
   8.3399998135864735      -0.39576387736137209     
   8.3499998133629560      -0.41598255947383006     
   8.3599998131394386      -0.43521183193711466     
   8.3699998129159212      -0.45340114804820436     
   8.3799998126924038      -0.47050243462808999     
   8.3899998124688864      -0.48647021838852667     
   8.3999998122453690      -0.50126174611497587     
   8.4099998120218515      -0.51483709834982105     
   8.4199998117983341      -0.52715929627539915     
   8.4299998115748167      -0.53819440151264020     
   8.4399998113512993      -0.54791160856810739     
   8.4499998111277819      -0.55628332967994087     
   8.4599998109042645      -0.56328527183158794     
   8.4699998106807470      -0.56889650572120476     
   8.4799998104572296      -0.57309952649419460     
   8.4899998102337122      -0.57588030606646057     
   8.4999998100101948      -0.57722833688653985     
   8.5099998097866774      -0.57713666700581268     
   8.5199998095631599      -0.57560192634737939     
   8.5299998093396425      -0.57262434408593166     
   8.5399998091161251      -0.56820775707294402     
   8.5499998088926077      -0.56235960926373729     
   8.5599998086690903      -0.55509094212535037     
   8.5699998084455729      -0.54641637602665272     
   8.5799998082220554      -0.53635408263467788     
   8.5899998079985380      -0.52492574836370320     
   8.5999998077750206      -0.51215652894608410     
   8.6099998075515032      -0.49807499521622078     
   8.6199998073279858      -0.48271307022123022     
   8.6299998071044683      -0.46610595779386332     
   8.6399998068809509      -0.44829206274489070     
   8.6499998066574335      -0.42931290285352480     
   8.6599998064339161      -0.40921301285539724     
   8.6699998062103987      -0.38803984064811531     
   8.6799998059868813      -0.36584363595442804     
   8.6899998057633638      -0.34267733170248726     
   8.6999998055398464      -0.31859641840154668     
   8.7099998053163290      -0.29365881180964704     
   8.7199998050928116      -0.26792471420734942     
   8.7299998048692942      -0.24145646960834666     
   8.7399998046457767      -0.21431841325376844     
   8.7499998044222593      -0.18657671575215420     
   8.7599998041987419      -0.15829922224135748     
   8.7699998039752245      -0.12955528696203195     
   8.7799998037517071      -0.10041560364479435     
   8.7899998035281897       -7.0952032124630596E-002
   8.7999998033046722       -4.1237421606577174E-002
   8.8099998030811548       -1.1345431016141685E-002
   8.8199998028576374        1.8649653123701607E-002
   8.8299998026341200        4.8673100839817296E-002
   8.8399998024106026        7.8649924425208004E-002
   8.8499998021870852       0.10850506526393880     
   8.8599998019635677       0.13816358130039641     
   8.8699998017400503       0.16755083468582055     
   8.8799998015165329       0.19659267913343467     
   8.8899998012930155       0.22521564651305950     
   8.8999998010694981       0.25334713221682170     
   8.9099998008459806       0.28091557882947105     
   8.9199998006224632       0.30785065763989211     
   8.9299998003989458       0.33408344753463426     
   8.9399998001754284       0.35954661081968164     
   8.9499997999519110       0.38417456552322921     
   8.9599997997283936       0.40790365373991000     
   8.9699997995048761       0.43067230558571756     
   8.9799997992813587       0.45242119834276218     
   8.9899997990578413       0.47309341038397384     
   8.9999997988343239       0.49263456947989065     
   9.0099997986108065       0.51099299510271978     
   9.0199997983872890       0.52811983435690546     
   9.0299997981637716       0.54396919118044218     
   9.0399997979402542       0.55849824847710861     
   9.0499997977167368       0.57166738285661722     
   9.0599997974932194       0.58344027167735013     
   9.0699997972697020       0.59378399210483035     
   9.0799997970461845       0.60266911191832173     
   9.0899997968226671       0.61006977181791155     
   9.0999997965991497       0.61596375900505906     
   9.1099997963756323       0.62033257183084245     
   9.1199997961521149       0.62316147532795252     
   9.1299997959285975       0.62443954746481301     
   9.1399997957050800       0.62415971598299735     
   9.1499997954815626       0.62231878570230625     
   9.1599997952580452       0.61891745620141292     
   9.1699997950345278       0.61396032980581339     
   9.1799997948110104       0.60745590983887965     
   9.1899997945874929       0.59941658911604678     
   9.1999997943639755       0.58985862868650529     
   9.2099997941404581       0.57880212685116361     
   9.2199997939169407       0.56627097851002761     
   9.2299997936934233       0.55229282491644982     
   9.2399997934699059       0.53689899393988272     
   9.2499997932463884       0.52012443096274796     
   9.2599997930228710       0.50200762056076664     
   9.2699997927993536       0.48259049913950691     
   9.2799997925758362       0.46191835872294895     
   9.2899997923523188       0.44003974211247593     
   9.2999997921288013       0.41700632965681894     
   9.3099997919052839       0.39287281789505901     
   9.3199997916817665       0.36769679035576114     
   9.3299997914582491       0.34153858081563260     
   9.3399997912347317       0.31446112934070797     
   9.3499997910112143       0.28652983145191419     
   9.3599997907876968       0.25781238077491236     
   9.3699997905641794       0.22837860555130299     
   9.3799997903406620       0.19830029940456911     
   9.3899997901171446       0.16765104676948026     
   9.3999997898936272       0.13650604340804176     
   9.4099997896701097       0.10494191244841604     
   9.4199997894465923        7.3036516395525955E-002
   9.4299997892230749        4.0868765573243003E-002
   9.4399997889995575        8.5184234681337026E-003
   9.4499997887760401       -2.3934090546341262E-002
   9.4599997885525227       -5.6407900618534554E-002
   9.4699997883290052       -8.8821875467036834E-002
   9.4799997881054878      -0.12109483057029685     
   9.4899997878819704      -0.15314573099481590     
   9.4999997876584530      -0.18489389435644260     
   9.5099997874349356      -0.21625919340769764     
   9.5199997872114182      -0.24716225774372508     
   9.5299997869879007      -0.27752467412040210     
   9.5399997867643833      -0.30726918488034238     
   9.5499997865408659      -0.33631988398599744     
   9.5599997863173485      -0.36460241016379163     
   9.5699997860938311      -0.39204413666920751     
   9.5799997858703136      -0.41857435718996139     
   9.5899997856467962      -0.44412446741285661     
   9.5999997854232788      -0.46862814178955625     
   9.6099997851997614      -0.49202150504735853     
   9.6199997849762440      -0.51424329800306023     
   9.6299997847527266      -0.53523503725113120     
   9.6399997845292091      -0.55494116831166562     
   9.6499997843056917      -0.57330921183888950     
   9.6599997840821743      -0.59028990250735369     
   9.6699997838586569      -0.60583732021029291     
   9.6799997836351395      -0.61990901322293379     
   9.6899997834116220      -0.63246611300275657     
   9.6999997831881046      -0.64347344031880227     
   9.7099997829645872      -0.65289960242302458     
   9.7199997827410698      -0.66071708099836368     
   9.7299997825175524      -0.66690231064061245     
   9.7399997822940350      -0.67143574765420622     
   9.7499997820705175      -0.67430192896573060     
   9.7599997818470001      -0.67548952098315829     
   9.7699997816234827      -0.67499135825353074     
   9.7799997813999653      -0.67280447179693714     
   9.7899997811764479      -0.66893010702014588     
   9.7999997809529305      -0.66337373113905396     
   9.8099997807294130      -0.65614503006517044     
   9.8199997805058956      -0.64725789473757711     
   9.8299997802823782      -0.63673039690815081     
   9.8399997800588608      -0.62458475441421724     
   9.8499997798353434      -0.61084728599917348     
   9.8599997796118259      -0.59554835576789689     
   9.8699997793883085      -0.57872230738988995     
   9.8799997791647911      -0.56040738818902092     
   9.8899997789412737      -0.54064566328435448     
   9.8999997787177563      -0.51948291997184581     
   9.9099997784942389      -0.49696856256154814     
   9.9199997782707214      -0.47315549790937761     
   9.9299997780472040      -0.44810001190634380     
   9.9399997778236866      -0.42186163721141579     
   9.9499997776001692      -0.39450301253680098     
   9.9599997773766518      -0.36608973381630433     
   9.9699997771531343      -0.33669019760855484     
   9.9799997769296169      -0.30637543710717829     
   9.9899997767060995      -0.27521895114940842     
   9.9999997764825821      -0.24329652663311074     
