   9.9999997764825821E-003   19.795764169784032     
   1.9999999552965164E-002   19.860327192761478     
   2.9999999329447746E-002   19.966919924958571     
   3.9999999105930328E-002   20.114062019904942     
   4.9999998882412910E-002   20.299753809294593     
   5.9999998658895493E-002   20.521541712400211     
   6.9999998435378075E-002   20.776593022289831     
   7.9999998211860657E-002   21.061774985985874     
   8.9999997988343239E-002   21.373733545525845     
   9.9999997764825821E-002   21.708967954290721     
  0.10999999754130840        22.063898529793388     
  0.11999999731779099        22.434925870019182     
  0.12999999709427357        22.818480812009255     
  0.13999999687075615        23.211065171935200     
  0.14999999664723873        23.609283849719663     
  0.15999999642372131        24.009869219939343     
  0.16999999620020390        24.409698897715419     
  0.17999999597668648        24.805808005507579     
  0.18999999575316906        25.195397015429787     
  0.19999999552965164        25.575836137190542     
  0.20999999530613422        25.944667091310926     
  0.21999999508261681        26.299602970195238     
  0.22999999485909939        26.638526758318353     
  0.23999999463558197        26.959488964332873     
  0.24999999441206455        27.260704715502335     
  0.25999999418854713        27.540550579236470     
  0.26999999396502972        27.797561306792737     
  0.27999999374151230        28.030426638737350     
  0.28999999351799488        28.237988268546449     
  0.29999999329447746        28.419237027711532     
  0.30999999307096004        28.573310331011161     
  0.31999999284744263        28.699489902510148     
  0.32999999262392521        28.797199789924971     
  0.33999999240040779        28.866004666030527     
  0.34999999217689037        28.905608409780310     
  0.35999999195337296        28.915852955978718     
  0.36999999172985554        28.896717399983196     
  0.37999999150633812        28.848317342512491     
  0.38999999128282070        28.770904458689721     
  0.39999999105930328        28.664866274572312     
  0.40999999083578587        28.530726133204624     
  0.41999999061226845        28.369143330305196     
  0.42999999038875103        28.180913396659612     
  0.43999999016523361        27.966968499695930     
  0.44999998994171619        27.728377930077613     
  0.45999998971819878        27.466348629887829     
  0.46999998949468136        27.182225706464923     
  0.47999998927116394        26.877492859434778     
  0.48999998904764652        26.553772627196459     
  0.49999998882412910        26.212826332189675     
  0.50999998860061169        25.856553570923168     
  0.51999998837709427        25.486991054255167     
  0.52999998815357685        25.106310555431293     
  0.53999998793005943        24.716815668020040     
  0.54999998770654202        24.320937014173612     
  0.55999998748302460        23.921225477885116     
  0.56999998725950718        23.520342972274619     
  0.57999998703598976        23.121050190987315     
  0.58999998681247234        22.726190751066273     
  0.59999998658895493        22.338671121062383     
  0.60999998636543751        21.961435759782603     
  0.61999998614192009        21.597436986489146     
  0.62999998591840267        21.249599281484826     
  0.63999998569488525        20.920777992767970     
  0.64999998547136784        20.613712807751998     
  0.65999998524785042        20.330976832862905     
  0.66999998502433300        20.074922682082750     
  0.67999998480081558        19.847627558109853     
  0.68999998457729816        19.650839842971639     
  0.69999998435378075        19.485930108272182     
  0.70999998413026333        19.353849616343364     
  0.71999998390674591        19.255099238557353     
  0.72999998368322849        19.189711232648662     
  0.73999998345971107        19.157245520719236     
  0.74999998323619366        19.156801078293810     
  0.75999998301267624        19.187041915939250     
  0.76999998278915882        19.246236064635109     
  0.77999998256564140        19.332305109347956     
  0.78999998234212399        19.442881255627025     
  0.79999998211860657        19.575368705116212     
  0.80999998189508915        19.727006239387332     
  0.81999998167157173        19.894928300187406     
  0.82999998144805431        20.076222413462812     
  0.83999998122453690        20.267981435403655     
  0.84999998100101948        20.467349716000562     
  0.85999998077750206        20.671562818086961     
  0.86999998055398464        20.877980863093420     
  0.87999998033046722        21.084115887809990     
  0.88999998010694981        21.287653795689575     
  0.89999997988343239        21.486471588440001     
  0.90999997965991497        21.678650590091866     
  0.91999997943639755        21.862486347819370     
  0.92999997921288013        22.036495830408089     
  0.93999997898936272        22.199422461575839     
  0.94999997876584530        22.350239432548605     
  0.95999997854232788        22.488151643955675     
  0.96999997831881046        22.612596535896792     
  0.97999997809529305        22.723243979356074     
  0.98999997787177563        22.819995322907442     
  0.99999997764825821        22.902981615812564     
   1.0099999774247408        22.972560961667600     
   1.0199999772012234        23.029314895132273     
   1.0299999769777060        23.074043617656596     
   1.0399999767541885        23.107759876679317     
   1.0499999765306711        23.131681227407924     
   1.0599999763071537        23.147220378771845     
   1.0699999760836363        23.155973298244074     
   1.0799999758601189        23.159704737749635     
   1.0899999756366014        23.160330849558186     
   1.0999999754130840        23.159898592269542     
   1.1099999751895666        23.160561688307578     
   1.1199999749660492        23.164552990619850     
   1.1299999747425318        23.174153250802867     
   1.1399999745190144        23.191656453897387     
   1.1499999742954969        23.219332092659023     
   1.1599999740719795        23.259384986848222     
   1.1699999738484621        23.313913495678200     
   1.1799999736249447        23.384867203041399     
   1.1899999734014273        23.474005350450337     
   1.1999999731779099        23.582857425401585     
   1.2099999729543924        23.712687359349857     
   1.2199999727308750        23.864462732843894     
   1.2299999725073576        24.038830219683000     
   1.2399999722838402        24.236098234612740     
   1.2499999720603228        24.456227401069427     
   1.2599999718368053        24.698829058991347     
   1.2699999716132879        24.963171626486556     
   1.2799999713897705        25.248194252543239     
   1.2899999711662531        25.552526884966063     
   1.2999999709427357        25.874515652240369     
   1.3099999707192183        26.212252331397700     
   1.3199999704957008        26.563606644849973     
   1.3299999702721834        26.926260185693401     
   1.3399999700486660        27.297740894091319     
   1.3499999698251486        27.675457174732891     
   1.3599999696016312        28.056730934950647     
   1.3699999693781137        28.438829015676600     
   1.3799999691545963        28.818992668220123     
   1.3899999689310789        29.194464888960475     
   1.3999999687075615        29.562515556128158     
   1.4099999684840441        29.920464416400183     
   1.4199999682605267        30.265702045300358     
   1.4299999680370092        30.595708957459678     
   1.4399999678134918        30.908073074609181     
   1.4499999675899744        31.200505775023053     
   1.4599999673664570        31.470856752001193     
   1.4699999671429396        31.717127904480979     
   1.4799999669194221        31.937486472901398     
   1.4899999666959047        32.130277620317095     
   1.4999999664723873        32.294036644128212     
   1.5099999662488699        32.427500988724447     
   1.5199999660253525        32.529622214400867     
   1.5299999658018351        32.599578063181937     
   1.5399999655783176        32.636784747338417     
   1.5499999653548002        32.640909570643672     
   1.5599999651312828        32.611883974556584     
   1.5699999649077654        32.549917079866084     
   1.5799999646842480        32.455509766580001     
   1.5899999644607306        32.329469298101316     
   1.5999999642372131        32.172924446286913     
   1.6099999640136957        31.987341007326208     
   1.6199999637901783        31.774537509061172     
   1.6299999635666609        31.536700792171796     
   1.6399999633431435        31.276400993785757     
   1.6499999631196260        30.996605265805144     
   1.6599999628961086        30.700689316030978     
   1.6699999626725912        30.392445565464879     
   1.6799999624490738        30.076086373240344     
   1.6899999622255564        29.756240404448238     
   1.6999999620020390        29.437939833243693     
   1.7099999617785215        29.126595731718179     
   1.7199999615550041        28.827958766558282     
   1.7299999613314867        28.548062309441178     
   1.7399999611079693        28.293145384090195     
   1.7499999608844519        28.069553649804405     
   1.7599999606609344        27.883617961698057     
   1.7699999604374170        27.741511988543540     
   1.7799999602138996        27.649092828856478     
   1.7899999599903822        27.611731303289172     
   1.7999999597668648        27.634141205299922     
   1.8099999595433474        27.720218728522031     
   1.8199999593198299        27.872904015679744     
   1.8299999590963125        28.094075900377835     
   1.8399999588727951        28.384488359044497     
   1.8499999586492777        28.743753267083402     
   1.8599999584257603        29.170369421372460     
   1.8699999582022429        29.661793291470790     
   1.8799999579787254        30.214543380372181     
   1.8899999577552080        30.824327934424261     
   1.8999999575316906        31.486185192872853     
   1.9099999573081732        32.194626214124028     
   1.9199999570846558        32.943772133250718     
   1.9299999568611383        33.727479993837797     
   1.9399999566376209        34.539453612962923     
   1.9499999564141035        35.373337967578387     
   1.9599999561905861        36.222797168663853     
   1.9699999559670687        37.081577176709970     
   1.9799999557435513        37.943555053619527     
   1.9899999555200338        38.802776830871920     
   1.9999999552965164        39.653486102228854     
   2.0099999550729990        40.490145313475672     
   2.0199999548494816        41.307451495810099     
   2.0299999546259642        42.100347927442655     
   2.0399999544024467        42.864032945467088     
   2.0499999541789293        43.593966888226880     
   2.0599999539554119        44.285877937867255     
   2.0699999537318945        44.935767457110245     
   2.0799999535083771        45.539915272829326     
   2.0899999532848597        46.094885248718526     
   2.0999999530613422        46.597531406249189     
   2.1099999528378248        47.045004792964995     
   2.1199999526143074        47.434761256023307     
   2.1299999523907900        47.764570253257375     
   2.1399999521672726        48.032524820928565     
   2.1499999519437551        48.237052814270371     
   2.1599999517202377        48.376929541819557     
   2.1699999514967203        48.451291925567418     
   2.1799999512732029        48.459654334441232     
   2.1899999510496855        48.401926256792635     
   2.1999999508261681        48.278431996340537     
   2.2099999506026506        48.089932592735948     
   2.2199999503791332        47.837650178940535     
   2.2299999501556158        47.523294987857653     
   2.2399999499320984        47.149095202943329     
   2.2499999497085810        46.717829801814077     
   2.2599999494850636        46.232864454277824     
   2.2699999492615461        45.698190387944159     
   2.2799999490380287        45.118465900739892     
   2.2899999488145113        44.499059848524375     
   2.2999999485909939        43.846095928755560     
   2.3099999483674765        43.166495873718027     
   2.3199999481439590        42.468018714502257     
   2.3299999479204416        41.759292044792510     
   2.3399999476969242        41.049829694704165     
   2.3499999474734068        40.350028469856277     
   2.3599999472498894        39.671134768604972     
   2.3699999470263720        39.025170258117100     
   2.3799999468028545        38.424804857856365     
   2.3899999465793371        37.883165741557924     
   2.3999999463558197        37.413573758374802     
   2.4099999461323023        37.029204365119277     
   2.4199999459087849        36.742679219072315     
   2.4299999456852674        36.565606502022476     
   2.4399999454617500        36.508101076575414     
   2.4499999452382326        36.578326693646879     
   2.4599999450147152        36.782108016536220     
   2.4699999447911978        37.122657191844112     
   2.4799999445676804        37.600447205422761     
   2.4899999443441629        38.213244445921490     
   2.4999999441206455        38.956290481043943     
   2.5099999438971281        39.822603646317155     
   2.5199999436736107        40.803359023798606     
   2.5299999434500933        41.888302425390002     
   2.5399999432265759        43.066158951122532     
   2.5499999430030584        44.325006621067331     
   2.5599999427795410        45.652597140516249     
   2.5699999425560236        47.036616412392185     
   2.5799999423325062        48.464885482151999     
   2.5899999421089888        49.925507791671272     
   2.5999999418854713        51.406971251158225     
   2.6099999416619539        52.898214361088812     
   2.6199999414384365        54.388665118984306     
   2.6299999412149191        55.868260303474614     
   2.6399999409914017        57.327451349945370     
   2.6499999407678843        58.757201672229250     
   2.6599999405443668        60.148979077301256     
   2.6699999403208494        61.494745917928185     
   2.6799999400973320        62.786948836459004     
   2.6899999398738146        64.018509351190971     
   2.6999999396502972        65.182816094744780     
   2.7099999394267797        66.273719199866576     
   2.7199999392032623        67.285527113234096     
   2.7299999389797449        68.213005977939233     
   2.7399999387562275        69.051381641089350     
   2.7499999385327101        69.796344299573477     
   2.7599999383091927        70.444055783519843     
   2.7699999380856752        70.991159485322399     
   2.7799999378621578        71.434792966753662     
   2.7899999376386404        71.772603313729292     
   2.7999999374151230        72.002765355158090     
   2.8099999371916056        72.124002917198922     
   2.8199999369680882        72.135613345848398     
   2.8299999367445707        72.037495597812679     
   2.8399999365210533        71.830182270490980     
   2.8499999362975359        71.514876014127850     
   2.8599999360740185        71.093490838782841     
   2.8699999358505011        70.568698889246434     
   2.8799999356269836        69.943983302158827     
   2.8899999354034662        69.223697765606090     
   2.8999999351799488        68.413133348649367     
   2.9099999349564314        67.518593021824302     
   2.9199999347329140        66.547473999822870     
   2.9299999345093966        65.508357535188921     
   2.9399999342858791        64.411104984042197     
   2.9499999340623617        63.266957732746519     
   2.9599999338388443        62.088636775872530     
   2.9699999336153269        60.890435219047802     
   2.9799999333918095        59.688293617543707     
   2.9899999331682920        58.499843814767594     
   2.9999999329447746        57.344401976959510     
   3.0099999327212572        56.242886356878614     
   3.0199999324977398        55.217631043147911     
   3.0299999322742224        54.292065363067373     
   3.0399999320507050        53.490232199376209     
   3.0499999318271875        52.836130019358286     
   3.0599999316036701        52.352884893532114     
   3.0699999313801527        52.061789796583000     
   3.0799999311566353        51.981284545893445     
   3.0899999309331179        52.125981710403728     
   3.0999999307096004        52.505859848170793     
   3.1099999304860830        53.125735601780072     
   3.1199999302625656        53.985088213889185     
   3.1299999300390482        55.078252294628882     
   3.1399999298155308        56.394933790592006     
   3.1499999295920134        57.920957732533928     
   3.1599999293684959        59.639135488248620     
   3.1699999291449785        61.530144670442226     
   3.1799999289214611        63.573338911468916     
   3.1899999286979437        65.747436483573438     
   3.1999999284744263        68.031066799678229     
   3.2099999282509089        70.403176707615714     
   3.2199999280273914        72.843312659284834     
   3.2299999278038740        75.331801374241735     
   3.2399999275803566        77.849852709691362     
   3.2499999273568392        80.379606321253789     
   3.2599999271333218        82.904140098290881     
   3.2699999269098043        85.407454432718978     
   3.2799999266862869        87.874442768496849     
   3.2899999264627695        90.290855858117411     
   3.2999999262392521        92.643264782252515     
   3.3099999260157347        94.919026016083677     
   3.3199999257922173        97.106250551827827     
   3.3299999255686998        99.193778204502379     
   3.3399999253451824        101.17115764030864     
   3.3499999251216650        103.02863229439821     
   3.3599999248981476        104.75713212532322     
   3.3699999246746302        106.34827104099112     
   3.3799999244511127        107.79434979224091     
   3.3899999242275953        109.08836414195081     
   3.3999999240040779        110.22401816413192     
   3.4099999237805605        111.19574259845997     
   3.4199999235570431        111.99871827477959     
   3.4299999233335257        112.62890472565921     
   3.4399999231100082        113.08307422131799     
   3.4499999228864908        113.35885158965489     
   3.4599999226629734        113.45476032464353     
   3.4699999224394560        113.37027563909506     
   3.4799999222159386        113.10588528204691     
   3.4899999219924212        112.66315911462860     
   3.4999999217689037        112.04482861615915     
   3.5099999215453863        111.25487766478862     
   3.5199999213218689        110.29864608725600     
   3.5299999210983515        109.18294757216960     
   3.5399999208748341        107.91620354586939     
   3.5499999206513166        106.50859445050887     
   3.5599999204277992        104.97222943747178     
   3.5699999202042818        103.32133464629983     
   3.5799999199807644        101.57245877072829     
   3.5899999197572470        99.744692238813627     
   3.5999999195337296        97.859892699763108     
   3.6099999193102121        95.942904210612596     
   3.6199999190866947        94.021750163442974     
   3.6299999188631773        92.127770370634067     
   3.6399999186396599        90.295661062785371     
   3.6499999184161425        88.563363965522157     
   3.6599999181926250        86.971739661611835     
   3.6699999179691076        85.563955606460837     
   3.6799999177455902        84.384526893471900     
   3.6899999175220728        83.477975406337890     
   3.6999999172985554        82.887125411934747     
   3.7099999170750380        82.651129103180438     
   3.7199999168515205        82.803400741488559     
   3.7299999166280031        83.369707320146517     
   3.7399999164044857        84.366686446420616     
   3.7499999161809683        85.801017355294178     
   3.7599999159574509        87.669361834023348     
   3.7699999157339334        89.959049456605300     
   3.7799999155104160        92.649351968171757     
   3.7899999152868986        95.713113587351287     
   3.7999999150633812        99.118491709485056     
   3.8099999148398638        102.83060432547275     
   3.8199999146163464        106.81295029148663     
   3.8299999143928289        111.02854036801706     
   3.8399999141693115        115.44073389225142     
   3.8499999139457941        120.01381210962833     
   3.8599999137222767        124.71333635560192     
   3.8699999134987593        129.50634274070674     
   3.8799999132752419        134.36142040247825     
   3.8899999130517244        139.24871219567905     
   3.8999999128282070        144.13986777445010     
   3.9099999126046896        149.00797091953217     
   3.9199999123811722        153.82745630915957     
   3.9299999121576548        158.57402581908639     
   3.9399999119341373        163.22457070067529     
   3.9499999117106199        167.75710336797414     
   3.9599999114871025        172.15070076242179     
   3.9699999112635851        176.38546012915873     
   3.9799999110400677        180.44246735026346     
   3.9899999108165503        184.30377760081342     
   3.9999999105930328        187.95240792465438     
   4.0099999103695154        191.37234129905818     
   4.0199999101459980        194.54854182438476     
   4.0299999099224806        197.46698080602354     
   4.0399999096989632        200.11467367257777     
   4.0499999094754457        202.47972788595433     
   4.0599999092519283        204.55140224110298     
   4.0699999090284109        206.32017822496954     
   4.0799999088048935        207.77784440794585     
   4.0899999085813761        208.91759518075983     
   4.0999999083578587        209.73414553021317     
   4.1099999081343412        210.22386397331815     
   4.1199999079108238        210.38492624465005     
   4.1299999076873064        210.21749285613865     
   4.1399999074637890        209.72391421567465     
   4.1499999072402716        208.90896758317049     
   4.1599999070167542        207.78013072405261     
   4.1699999067932367        206.34789762511849     
   4.1799999065697193        204.62614195544654     
   4.1899999063462019        202.63253390642916     
   4.1999999061226845        200.38901535126590     
   4.2099999058991671        197.92233650648564     
   4.2199999056756496        195.26465385026182     
   4.2299999054521322        192.45418311651741     
   4.2399999052286148        189.53589165052244     
   4.2499999050050974        186.56219999045314     
   4.2599999047815800        183.59364194192835     
   4.2699999045580626        180.69940483101084     
   4.2799999043345451        177.95763763338917     
   4.2899999041110277        175.45537767979221     
   4.2999999038875103        173.28791466991038     
   4.3099999036639929        171.55739799725225     
   4.3199999034404755        170.37051990949760     
   4.3299999032169580        169.83519399302807     
   4.3399999029934406        170.05630745886995     
   4.3499999027699232        171.13084332552413     
   4.3599999025464058        173.14289466498980     
   4.3699999023228884        176.15924594002334     
   4.3799999020993710        180.22619436937404     
   4.3899999018758535        185.36809294658596     
   4.3999999016523361        191.58776184976998     
   4.4099999014288187        198.86854907873527     
   4.4199999012053013        207.17754732427201     
   4.4299999009817839        216.46936452766229     
   4.4399999007582664        226.68989674061510     
   4.4499999005347490        237.77970475648206     
   4.4599999003112316        249.67677760061366     
   4.4699999000877142        262.31862210119004     
   4.4799998998641968        275.64372394163672     
   4.4899998996406794        289.59248138597661     
   4.4999998994171619        304.10773026467206     
   4.5099998991936445        319.13497255556962     
   4.5199998989701271        334.62240324107967     
   4.5299998987466097        350.52080924402765     
   4.5399998985230923        366.78339466136680     
   4.5499998982995749        383.36557017942954     
   4.5599998980760574        400.22473189865963     
   4.5699998978525400        417.32004549575856     
   4.5799998976290226        434.61224509719017     
   4.5899998974055052        452.06345178611292     
   4.5999998971819878        469.63701374881691     
   4.6099998969584703        487.29736823413526     
   4.6199998967349529        505.00992440823029     
   4.6299998965114355        522.74096559001418     
   4.6399998962879181        540.45756907509042     
   4.6499998960644007        558.12754167871014     
   4.6599998958408833        575.71936917069570     
   4.6699998956173658        593.20217788455295     
   4.6799998953938484        610.54570692523896     
   4.6899998951703310        627.72028955407768     
   4.6999998949468136        644.69684248230055     
   4.7099998947232962        661.44686194956955     
   4.7199998944997787        677.94242559672045     
   4.7299998942762613        694.15619926167005     
   4.7399998940527439        710.06144793351223     
   4.7499998938292265        725.63205019311727     
   4.7599998936057091        740.84251555001617     
   4.7699998933821917        755.66800415613739     
   4.7799998931586742        770.08434843833402     
   4.7899998929351568        784.06807624484543     
   4.7999998927116394        797.59643514679453     
   4.8099998924881220        810.64741757577440     
   4.8199998922646046        823.19978651311658     
   4.8299998920410872        835.23310147662937     
   4.8399998918175697        846.72774457681419     
   4.8499998915940523        857.66494643767430     
   4.8599998913705349        868.02681179747606     
   4.8699998911470175        877.79634462280023     
   4.8799998909235001        886.95747258519236     
   4.8899998906999826        895.49507076407167     
   4.8999998904764652        903.39498445248273     
   4.9099998902529478        910.64405095399422     
   4.9199998900294304        917.23012026988749     
   4.9299998898059130        923.14207458569285     
   4.9399998895823956        928.36984647539964     
   4.9499998893588781        932.90443575042309     
   4.9599998891353607        936.73792488863808     
   4.9699998889118433        939.86349298670700     
   4.9799998886883259        942.27542818652785     
   4.9899998884648085        943.96913853402293     
   4.9999998882412910        944.94116123575668     
   5.0099998880177736        945.18917028596923     
   5.0199998877942562        944.71198244374318     
   5.0299998875707388        943.50956154714720     
   5.0399998873472214        941.58302115833840     
   5.0499998871237040        938.93462554091229     
   5.0599998869001865        935.56778897822937     
   5.0699998866766691        931.48707344913362     
   5.0799998864531517        926.69818468539529     
   5.0899998862296343        921.20796664355180     
   5.0999998860061169        915.02439443253559     
   5.1099998857825994        908.15656574772856     
   5.1199998855590820        900.61469087194791     
   5.1299998853355646        892.41008131447984     
   5.1399998851120472        883.55513717074609     
   5.1499998848885298        874.06333329771167     
   5.1599998846650124        863.94920441386751     
   5.1699998844414949        853.22832924784916     
   5.1799998842179775        841.91731387659752     
   5.1899998839944601        830.03377441300415     
   5.1999998837709427        817.59631922422864     
   5.2099998835474253        804.62453088617838     
   5.2199998833239079        791.13894810709405     
   5.2299998831003904        777.16104788485234     
   5.2399998828768730        762.71322819880106     
   5.2499998826533556        747.81879157879632     
   5.2599998824298382        732.50192994260101     
   5.2699998822063208        716.78771114896335     
   5.2799998819828033        700.70206777906378     
   5.2899998817592859        684.27178873503203     
   5.2999998815357685        667.52451433275689     
   5.3099998813122511        650.48873566912619     
   5.3199998810887337        633.19379916331309     
   5.3299998808652163        615.66991730990480     
   5.3399998806416988        597.94818684053507     
   5.3499998804181814        580.06061567199129     
   5.3599998801946640        562.04016022284497     
   5.3699998799711466        543.92077490672000     
   5.3799998797476292        525.73747585369381     
   5.3899998795241117        507.52642116273489     
   5.3999998793005943        489.32501022956484     
   5.4099998790770769        471.17200489479757     
   5.4199998788535595        453.10767526539189     
   5.4299998786300421        435.17397299635456     
   5.4399998784065247        417.41473445171943     
   5.4499998781830072        399.87591530079635     
   5.4599998779594898        382.60585646071013     
   5.4699998777359724        365.65557845634061     
   5.4799998775124550        349.07909665751038     
   5.4899998772889376        332.93374270298432     
   5.4999998770654202        317.28046677502124     
   5.5099998768419027        302.18408018315688     
   5.5199998766183853        287.71337702338531     
   5.5299998763948679        273.94104723463084     
   5.5399998761713505        260.94326254605505     
   5.5499998759478331        248.79878610552834     
   5.5599998757243156        237.58743555807879     
   5.5699998755007982        227.38773414658723     
   5.5799998752772808        218.27363713845182     
   5.5899998750537634        210.31034395531839     
   5.5999998748302460        203.54940934991862     
   5.6099998746067286        198.02362735634026     
   5.6199998743832111        193.74241006899501     
   5.6299998741596937        190.68851090682909     
   5.6399998739361763        188.81684550557495     
   5.6499998737126589        188.05581298052689     
   5.6599998734891415        188.31100504598717     
   5.6699998732656240        189.47069189003426     
   5.6799998730421066        191.41217151554730     
   5.6899998728185892        194.00804503444982     
   5.6999998725950718        197.13168916412104     
   5.7099998723715544        200.66151642998659     
   5.7199998721480370        204.48391990357419     
   5.7299998719245195        208.49501865961835     
   5.7399998717010021        212.60143514366050     
   5.7499998714774847        216.72036577939713     
   5.7599998712539673        220.77918352902918     
   5.7699998710304499        224.71476456308017     
   5.7799998708069324        228.47268013712005     
   5.7899998705834150        232.00634950652889     
   5.7999998703598976        235.27621406145886     
   5.8099998701363802        238.24896697936680     
   5.8199998699128628        240.89685507346931     
   5.8299998696893454        243.19705821746342     
   5.8399998694658279        245.13114494217211     
   5.8499998692423105        246.68459907185115     
   5.8599998690187931        247.84641051615364     
   5.8699998687952757        248.60872280081065     
   5.8799998685717583        248.96653009736661     
   5.8899998683482409        248.91741707117208     
   5.8999998681247234        248.46133560245516     
   5.9099998679012060        247.60041322568352     
   5.9199998676776886        246.33878890897827     
   5.9299998674541712        244.68247252315925     
   5.9399998672306538        242.63922501474622     
   5.9499998670071363        240.21845689668336     
   5.9599998667836189        237.43114320918536     
   5.9699998665601015        234.28975358877301     
   5.9799998663365841        230.80819652552370     
   5.9899998661130667        227.00177729588293     
   5.9999998658895493        222.88716943918433     
   6.0099998656660318        218.48240000653544     
   6.0199998654425144        213.80684915396401     
   6.0299998652189970        208.88126497627454     
   6.0399998649954796        203.72779477533010     
   6.0499998647719622        198.37003420732859     
   6.0599998645484447        192.83309592272508     
   6.0699998643249273        187.14369934018296     
   6.0799998641014099        181.33028298689382     
   6.0899998638778925        175.42314024439489     
   6.0999998636543751        169.45457814129438     
   6.1099998634308577        163.45909671358987     
   6.1199998632073402        157.47358296763369     
   6.1299998629838228        151.53750805049958     
   6.1399998627603054        145.69310815968925     
   6.1499998625367880        139.98551829131841     
   6.1599998623132706        134.46281264576592     
   6.1699998620897532        129.17588662785269     
   6.1799998618662357        124.17809472588948     
   6.1899998616427183        119.52454074476530     
   6.1999998614192009        115.27091052607561     
   6.2099998611956835        111.47175537205081     
   6.2199998609721661        108.17819191905099     
   6.2299998607486486        105.43509145772437     
   6.2399998605251312        103.27798271526147     
   6.2499998603016138        101.73005329109364     
   6.2599998600780964        100.79974455126484     
   6.2699998598545790        100.47942452036270     
   6.2799998596310616        100.74545895942033     
   6.2899998594075441        101.55971688084266     
   6.2999998591840267        102.87224190982320     
   6.3099998589605093        104.62460764453130     
   6.3199998587369919        106.75341797085126     
   6.3299998585134745        109.19350143150534     
   6.3399998582899570        111.88051780727248     
   6.3499998580664396        114.75287154568484     
   6.3599998578429222        117.75296162979159     
   6.3699998576194048        120.82787498922156     
   6.3799998573958874        123.92965817137738     
   6.3899998571723700        127.01529673948876     
   6.3999998569488525        130.04651024458954     
   6.4099998567253351        132.98944432438040     
   6.4199998565018177        135.81431706082353     
   6.4299998562783003        138.49505691125185     
   6.4399998560547829        141.00895478386215     
   6.4499998558312654        143.33634254909762     
   6.4599998556077480        145.46030350068267     
   6.4699998553842306        147.36641605421664     
   6.4799998551607132        149.04252950796246     
   6.4899998549371958        150.47856939195304     
   6.4999998547136784        151.66636937140385     
   6.5099998544901609        152.59952655779614     
   6.5199998542666435        153.27327722442354     
   6.5299998540431261        153.68439020097384     
   6.5399998538196087        153.83107555916058     
   6.5499998535960913        153.71290655482017     
   6.5599998533725739        153.33075313742123     
   6.5699998531490564        152.68672566410063     
   6.5799998529255390        151.78412775826433     
   6.5899998527020216        150.62741753302487     
   6.5999998524785042        149.22217666020290     
   6.6099998522549868        147.57508701050955     
   6.6199998520314693        145.69391482430103     
   6.6299998518079519        143.58750259915931     
   6.6399998515844345        141.26576910375726     
   6.6499998513609171        138.73971814865840     
   6.6599998511373997        136.02145696267982     
   6.6699998509138823        133.12422523276862     
   6.6799998506903648        130.06243605353754     
   6.6899998504668474        126.85173017660169     
   6.6999998502433300        123.50904501012189     
   6.7099998500198126        120.05269973129369     
   6.7199998497962952        116.50249753838466     
   6.7299998495727777        112.87984533177666     
   6.7399998493492603        109.20788975134847     
   6.7499998491257429        105.51166619406277     
   6.7599998489022255        101.81825376622470     
   6.7699998486787081        98.156923561854583     
   6.7799998484551907        94.559259627531986     
   6.7899998482316732        91.059221014175364     
   6.7999998480081558        87.693099421740015     
   6.8099998477846384        84.499311168383741     
   6.8199998475611210        81.517947570400423     
   6.8299998473376036        78.790000265060783     
   6.8399998471140862        76.356186936625221     
   6.8499998468905687        74.255339846397433     
   6.8599998466670513        72.522393570461176     
   6.8699998464435339        71.186117535003419     
   6.8799998462200165        70.266861242314363     
   6.8899998459964991        69.774671134741084     
   6.8999998457729816        69.708145295927224     
   6.9099998455494642        70.054284968520321     
   6.9199998453259468        70.789399634500626     
   6.9299998451024294        71.880895209600851     
   6.9399998448789120        73.289607884557370     
   6.9499998446553946        74.972292026490067     
   6.9599998444318771        76.883926066513922     
   6.9699998442083597        78.979619878690400     
   6.9799998439848423        81.216036071881959     
   6.9899998437613249        83.552338203294966     
   6.9999998435378075        85.950738005436918     
   7.0099998433142900        88.376736020301507     
   7.0199998430907726        90.799147769352999     
   7.0299998428672552        93.189992860046658     
   7.0399998426437378        95.524305912142282     
   7.0499998424202204        97.779910782392889     
   7.0599998421967030        99.937185356072618     
   7.0699998419731855        101.97883355883995     
   7.0799998417496681        103.88967381622329     
   7.0899998415261507        105.65644827249878     
   7.0999998413026333        107.26765399964518     
   7.1099998410791159        108.71339561563110     
   7.1199998408555984        109.98525776097196     
   7.1299998406320810        111.07619544718162     
   7.1399998404085636        111.98044018140511     
   7.1499998401850462        112.69341985041767     
   7.1599998399615288        113.21169052653212     
   7.1699998397380114        113.53287858384178     
   7.1799998395144939        113.65563175388625     
   7.1899998392909765        113.57957798783798     
   7.1999998390674591        113.30529121918379     
   7.2099998388439417        112.83426333359540     
   7.2199998386204243        112.16888185150603     
   7.2299998383969069        111.31241301588534     
   7.2399998381733894        110.26899015578941     
   7.2499998379498720        109.04360736877082     
   7.2599998377263546        107.64211873527152     
   7.2699998375028372        106.07124344821779     
   7.2799998372793198        104.33857741255353     
   7.2899998370558023        102.45261204175991     
   7.2999998368322849        100.42276114764999     
   7.3099998366087675        98.259396976881717     
   7.3199998363852501        95.973896575520584     
   7.3299998361617327        93.578699731855565     
   7.3399998359382153        91.087379708612161     
   7.3499998357146978        88.514727751329374     
   7.3599998354911804        85.876851831445521     
   7.3699998352676630        83.191289074803706     
   7.3799998350441456        80.477129587843152     
   7.3899998348206282        77.755146583463457     
   7.3999998345971107        75.047923394840595     
   7.4099998343735933        72.379961664771699     
   7.4199998341500759        69.777746294196135     
   7.4299998339265585        67.269731540438812     
   7.4399998337030411        64.886199697717203     
   7.4499998334795237        62.658931332491399     
   7.4599998332560062        60.620618736045834     
   7.4699998330324888        58.803959625537125     
   7.4799998328089714        57.240395700723425     
   7.4899998325854540        55.958518395551380     
   7.4999998323619366        54.982251571691222     
   7.5099998321384192        54.329021200040366     
   7.5199998319149017        54.008199723549666     
   7.5299998316913843        54.020124265505878     
   7.5399998314678669        54.355906148384989     
   7.5499998312443495        54.998087941340181     
   7.5599998310208321        55.922019476639385     
   7.5699998307973146        57.097685963465651     
   7.5799998305737972        58.491673996861707     
   7.5899998303502798        60.069003574167432     
   7.5999998301267624        61.794649607132264     
   7.6099998299032450        63.634680212483858     
   7.6199998296797276        65.557020356574014     
   7.6299998294562101        67.531897305055793     
   7.6399998292326927        69.532042524365195     
   7.6499998290091753        71.532723063394329     
   7.6599998287856579        73.511663788953044     
   7.6699998285621405        75.448907145773035     
   7.6799998283386230        77.326643296358014     
   7.6899998281151056        79.129032229603354     
   7.6999998278915882        80.842031023265179     
   7.7099998276680708        82.453233574578633     
   7.7199998274445534        83.951726232567509     
   7.7299998272210360        85.327960335719382     
   7.7399998269975185        86.573641231176424     
   7.7499998267740011        87.681632586916564     
   7.7599998265504837        88.645874464770998     
   7.7699998263269663        89.461313534726671     
   7.7799998261034489        90.123843871478172     
   7.7899998258799314        90.630256913686921     
   7.7999998256564140        90.978199342629111     
   7.8099998254328966        91.166137825040778     
   7.8199998252093792        91.193329751450705     
   7.8299998249858618        91.059799279493845     
   7.8399998247623444        90.766318159461918     
   7.8499998245388269        90.314390976809221     
   7.8599998243153095        89.706244595346533     
   7.8699998240917921        88.944821727728510     
   7.8799998238682747        88.033778699423067     
   7.8899998236447573        86.977487611070245     
   7.8999998234212399        85.781043244305167     
   7.9099998231977224        84.450275198836223     
   7.9199998229742050        82.991765893539892     
   7.9299998227506876        81.412875208605726     
   7.9399998225271702        79.721772682160406     
   7.9499998223036528        77.927478289504080     
   7.9599998220801353        76.039912901876860     
   7.9699998218566179        74.069959504390226     
   7.9799998216331005        72.029536085460506     
   7.9899998214095831        69.931680694174830     
   7.9999998211860657        67.790648350396978     
   8.0099998209625483        65.622018073502034     
   8.0199998207390308        63.442805979667440     
   8.0299998205155134        61.271576814271903     
   8.0399998202919960        59.128541013959762     
   8.0499998200684786        57.035617056897841     
   8.0599998198449612        55.016429349312844     
   8.0699998196214437        53.096200772010583     
   8.0799998193979263        51.301488129629107     
   8.0899998191744089        49.659702008647500     
   8.0999998189508915        48.198356364553462     
   8.1099998187273741        46.944015751399277     
   8.1199998185038567        45.920956519130677     
   8.1299998182803392        45.149632503687720     
   8.1399998180568218        44.645121714660853     
   8.1499998178333044        44.415797950655161     
   8.1599998176097870        44.462482565691936     
   8.1699998173862696        44.778263113342717     
   8.1799998171627522        45.349028595831072     
   8.1899998169392347        46.154613525882581     
   8.1999998167157173        47.170325110639801     
   8.2099998164921999        48.368587732582071     
   8.2199998162686825        49.720475167997193     
   8.2299998160451651        51.196982128057705     
   8.2399998158216476        52.769974579010821     
   8.2499998155981302        54.412826731093631     
   8.2599998153746128        56.100792570756198     
   8.2699998151510954        57.811174742566770     
   8.2799998149275780        59.523351933584870     
   8.2899998147040606        61.218715956198189     
   8.2999998144805431        62.880557327070093     
   8.3099998142570257        64.493926565958446     
   8.3199998140335083        66.045489044037907     
   8.3299998138099909        67.523384231165039     
   8.3399998135864735        68.917095332204241     
   8.3499998133629560        70.217332101060464     
   8.3599998131394386        71.415927623490248     
   8.3699998129159212        72.505748691022660     
   8.3799998126924038        73.480618765945138     
   8.3899998124688864        74.335252260891536     
   8.3999998122453690        75.065198790012246     
   8.4099998120218515        75.666796102804284     
   8.4199998117983341        76.137130529887827     
   8.4299998115748167        76.474003917778859     
   8.4399998113512993        76.675906186819674     
   8.4499998111277819        76.741992801932852     
   8.4599998109042645        76.672066594502397     
   8.4699998106807470        76.466563513775313     
   8.4799998104572296        76.126542018034883     
   8.4899998102337122        75.653675940992656     
   8.4999998100101948        75.050250789494925     
   8.5099998097866774        74.319163547062914     
   8.5199998095631599        73.463926176294322     
   8.5299998093396425        72.488673133567119     
   8.5399998091161251        71.398173332973442     
   8.5499998088926077        70.197847122719068     
   8.5599998086690903        68.893788963941034     
   8.5699998084455729        67.492796622993879     
   8.5799998082220554        66.002407791929414     
   8.5899998079985380        64.430945117390223     
   8.5999998077750206        62.787570610812686     
   8.6099998075515032        61.082350277295063     
   8.6199998073279858        59.326329450948258     
   8.6299998071044683        57.531618632496809     
   8.6399998068809509        55.711488404779821     
   8.6499998066574335        53.880469998265710     
   8.6599998064339161        52.054454963752583     
   8.6699998062103987        50.250782807097060     
   8.6799998059868813        48.488299011137819     
   8.6899998057633638        46.787357501051602     
   8.6999998055398464        45.169731776347795     
   8.7099998053163290        43.658389255126423     
   8.7199998050928116        42.277077287819594     
   8.7299998048692942        41.049672469712043     
   8.7399998046457767        39.999264625899528     
   8.7499998044222593        39.146989437089680     
   8.7599998041987419        38.510689106285326     
   8.7699998039752245        38.103556263467567     
   8.7799998037517071        37.932975479023511     
   8.7899998035281897        37.999786017421734     
   8.7999998033046722        38.298128183311348     
   8.8099998030811548        38.815914415139247     
   8.8199998028576374        39.535828133133684     
   8.8299998026341200        40.436651285470681     
   8.8399998024106026        41.494688391815906     
   8.8499998021870852        42.685088400452081     
   8.8599998019635677        43.982937480662542     
   8.8699998017400503        45.364072479518015     
   8.8799998015165329        46.805623708991099     
   8.8899998012930155        48.286329647022214     
   8.8999998010694981        49.786678363341963     
   8.9099998008459806        51.288928546074267     
   8.9199998006224632        52.777054112634509     
   8.9299998003989458        54.236645562618236     
   8.9399998001754284        55.654791228255355     
   8.9499997999519110        57.019953514409401     
   8.9599997997283936        58.321849259989357     
   8.9699997995048761        59.551339222329290     
   8.9799997992813587        60.700328976817865     
   8.9899997990578413        61.761681841561519     
   8.9999997988343239        62.729143458267714     
   9.0099997986108065        63.597277144149146     
   9.0199997983872890        64.361408904782749     
   9.0299997981637716        65.017580949058200     
   9.0399997979402542        65.562512599216703     
   9.0499997977167368        65.993567593917504     
   9.0599997974932194        66.308726911270170     
   9.0699997972697020        66.506566375048521     
   9.0799997970461845        66.586238441727289     
   9.0899997968226671        66.547457694391625     
   9.0999997965991497        66.390489690587046     
   9.1099997963756323        66.116142925324112     
   9.1199997961521149        65.725763779074569     
   9.1299997959285975        65.221234425670247     
   9.1399997957050800        64.604973778589496     
   9.1499997954815626        63.879941658225228     
   9.1599997952580452        63.049646469048987     
   9.1699997950345278        62.118156785128051     
   9.1799997948110104        61.090117355054488     
   9.1899997945874929        59.970770150900975     
   9.1999997943639755        58.765981194983183     
   9.2099997941404581        57.482273992550859     
   9.2199997939169407        56.126870459517050     
   9.2299997936934233        54.707740231049094     
   9.2399997934699059        53.233659119611957     
   9.2499997932463884        51.714277182849592     
   9.2599997930228710        50.160196246734849     
   9.2699997927993536        48.583055640320971     
   9.2799997925758362        46.995623104198707     
   9.2899997923523188        45.411885038207458     
   9.2999997921288013        43.847126113669106     
   9.3099997919052839        42.317982482079849     
   9.3199997916817665        40.842445263553515     
   9.3299997914582491        39.439782126745037     
   9.3399997912347317        38.130336053649124     
   9.3499997910112143        36.935154947351073     
   9.3599997907876968        35.875408750952687     
   9.3699997905641794        34.971568830024779     
   9.3799997903406620        34.242363145717611     
   9.3899997901171446        33.703579989724574     
   9.3999997898936272        33.366861131458819     
   9.4099997896701097        33.238677427010735     
   9.4199997894465923        33.319686277562255     
   9.4299997892230749        33.604612977624058     
   9.4399997889995575        34.082687814840149     
   9.4499997887760401        34.738547413036393     
   9.4599997885525227        35.553419769167355     
   9.4699997883290052        36.506385923405205     
   9.4799997881054878        37.575543665155671     
   9.4899997878819704        38.738963852985655     
   9.4999997876584530        39.975397950011924     
   9.5099997874349356        41.264746820904200     
   9.5199997872114182        42.588329827669320     
   9.5299997869879007        43.929003186475825     
   9.5399997867643833        45.271174245824284     
   9.5499997865408659        46.600750184198553     
   9.5599997863173485        47.905049963267984     
   9.5699997860938311        49.172699558286688     
   9.5799997858703136        50.393523438635292     
   9.5899997856467962        51.558440093355728     
   9.5999997854232788        52.659365826971630     
   9.6099997851997614        53.689128721211681     
   9.6199997849762440        54.641393219497125     
   9.6299997847527266        55.510594960154016     
   9.6399997845292091        56.291885050902216     
   9.6499997843056917        56.981082793300708     
   9.6599997840821743        57.574635831956734     
   9.6699997838586569        58.069586754614029     
   9.6799997836351395        58.463545264991275     
   9.6899997834116220        58.754665165763804     
   9.6999997831881046        58.941625510131153     
   9.7099997829645872        59.023615399387147     
   9.7199997827410698        59.000322017351039     
   9.7299997825175524        58.871921599486235     
   9.7399997822940350        58.639073135458631     
   9.7499997820705175        58.302914700272694     
   9.7599997818470001        57.865062402517594     
   9.7699997816234827        57.327612030747801     
   9.7799997813999653        56.693143572304812     
   9.7899997811764479        55.964728874542985     
   9.7999997809529305        55.145942817343503     
   9.8099997807294130        54.240878467842315     
   9.8199997805058956        53.254166791516042     
   9.8299997802823782        52.191001593310574     
   9.8399997800588608        51.057170448782266     
   9.8499997798353434        49.859092441300483     
   9.8599997796118259        48.603863518826529     
   9.8699997793883085        47.299310177011023     
   9.8799997791647911        45.954051893443257     
   9.8899997789412737        44.577572174222119     
   9.8999997787177563        43.180297074247491     
   9.9099997784942389        41.773678403793625     
   9.9199997782707214        40.370276262073688     
   9.9299997780472040        38.983831729657162     
   9.9399997778236866        37.629315223488661     
   9.9499997776001692        36.322929084243121     
   9.9599997773766518        35.082034841240926     
   9.9699997771531343        33.924967676039181     
   9.9799997769296169        32.870695809986806     
   9.9899997767060995        31.938285669985106     
   9.9999997764825821        31.146150834106212     
